-1.073455438683539853e+01
-1.534156691690920127e+01
-1.119416210995430028e+01
-1.458231328806898652e+01
-1.121906824512622336e+01
-1.319846428806567751e+01
-1.423761533452757710e+01
-1.135110040927021480e+01
-1.211787105331499070e+01
-1.257079313855223113e+01
-1.329086932749959082e+01
-1.252063686469763759e+01
-1.103049761285987351e+01
-1.482020948685498318e+01
-1.696686954937302261e+01
-1.299894329654525471e+01
-8.555182536704935004e+00
-1.304425207117689922e+01
-1.210743347527367320e+01
-1.290831110592195019e+00
-8.735490799428859532e+00
-2.908674722785364430e+00
-1.346364588308022014e+01
-1.543052278799378918e+01
-5.163907103103128726e+00
-1.116524722009336301e+01
-1.495818510569270110e+01
-1.174997912200451999e+01
-1.024803932181472987e+01
-4.524686177837219603e+00
-9.771209450829706711e+00
-8.332466935143790110e+00
-1.228194101897458879e+01
-1.686222217372367105e+00
-1.132379022497028842e+01
-1.210133948927873249e+01
-1.603731483909350786e+01
-1.096290322076414014e+01
-1.206482212082689820e+01
-1.208044470576568941e+01
-7.270687893483882114e+00
-1.544096533246286107e+01
-1.358165934116705387e+01
-1.256442879366810672e+01
-1.228029386509774135e+01
-1.334315964186046344e+01
-9.661205233773340950e+00
-6.893375833521799834e+00
-1.382863254859249480e+01
-5.200927105544245421e+00
-9.493886941922575318e+00
9.329225341028655194e-01
-8.034383963133281625e+00
-9.418088401062343351e+00
-1.667179272937281098e+01
-9.924112956479270053e+00
-1.136108227738959364e+01
-1.052693365268069670e+01
-1.376141596775051923e+01
-1.384383932486802138e+01
-1.102312594141636559e+01
-1.329605396342716972e+01
-1.328562934482493851e+01
-1.143601783045742337e+01
-4.737852140159398928e+00
-1.331683671527848389e+01
-1.089927269225619533e+01
-1.192839099159239424e+01
-1.512686002648380068e+01
-8.732597216158014319e+00
-7.255085255163381319e+00
-7.048894803726754255e+00
-1.279838853652369934e+01
-1.305386222615096514e+01
-1.389880762571928585e+01
-1.082024888568800236e+01
-1.288331253610678928e+01
-1.112125433037142486e+01
-1.498928374407115705e+01
-1.346620792831254043e+01
-1.120938021240074711e+01
-1.264312474667598885e+01
-1.192131186812977006e+01
-1.016966935318487586e+01
-1.186947362813501883e+01
-1.392367294485125484e+01
-9.982753908088527695e+00
-1.128163798332741230e+01
-1.412389073030788822e+01
-1.257269257813288377e+01
-1.719160428001755392e+01
-9.090589858003671253e+00
-1.290244600099188688e+01
-5.220979021298267853e+00
-1.200104554460670592e+01
-1.499904156366782182e+01
-1.036665706429720046e+01
-1.298367297249418151e+01
-9.711901063516183541e+00
-8.718275101385714265e+00
-1.541050811012687838e+01
-1.620936247154115861e+01
-1.387781710085502063e+01
-1.339614467561290034e+01
-1.584518400714424224e+01
-2.997992342228192442e+00
-1.568468539563204445e+01
-1.386159422425600063e+01
-8.365883066227128850e+00
-1.391397117882029200e+01
-8.656434598811509673e+00
-1.377446079435109993e+01
-1.595995667700632126e+01
-9.180154690991125577e+00
-9.020800416119579168e+00
-7.276638842308175370e+00
-1.510886288957611434e+01
-1.018636112702519725e+01
-5.051813706497886081e+00
-7.404087851684227672e+00
-1.035798834334666374e+01
-1.123106304790857735e+01
-1.177342215158803285e+01
-1.479421759758684374e+01
-1.518887836067926500e+01
-1.007757748708246126e+01
-5.993241859890549250e+00
-1.010676685633201188e+01
-1.358061724837045858e+01
-1.405369494936972075e+01
-1.378779451695699620e+01
-1.402141404485954901e+01
-1.033781610152366426e+01
-1.476025399645717329e+01
-1.485372059136798484e+01
-1.360566554860815458e+01
-1.728346865569189816e+01
-1.294082773825677357e+01
-1.232483224581477366e+01
-9.965994986864192384e+00
-1.017812799330279283e+01
-7.071586244370289265e+00
-7.183339469478331907e+00
-7.575888028505225691e+00
-1.192106487011421123e+01
-1.767877810740776567e+01
-1.122926731292816882e+01
-1.345707634125480112e+01
-1.428734010987642122e+01
-1.321505182834618886e+01
-1.344567375026839784e+01
-1.090320373623015016e+01
-1.599991429510186514e+01
-1.485651057155186905e+01
-1.163000810314660605e+01
-1.457819158094017808e+01
-9.902219971022411471e+00
-1.205580872273683291e+01
-1.476768407530872906e+01
-1.356246678834912522e+01
