-2.595211098176468667e+00
-3.918154904558079124e+03
-3.353465496495589377e+03
-2.788776088433098721e+03
-2.307387047251730110e+03
-2.276196166301284848e+03
-2.153001835096496052e+03
-1.849322509846315370e+03
-2.030689881891867117e+03
-1.965049515697093739e+03
-2.208432893577273717e+03
-2.293360480410362925e+03
-2.321702324290878551e+03
-2.346094753412680802e+03
-2.603202646313656260e+03
-2.351193207418033580e+03
-2.865933146562485490e+03
-2.411926714945103868e+03
-2.577322108540607132e+03
-2.511980398889864773e+03
-2.332329349072576861e+03
-2.448625691558736889e+03
-2.308083889991980868e+03
-2.306245451485420745e+03
-3.045738541706359229e+03
-2.673209143510139711e+03
-2.445890507163693201e+03
-2.518579566567894744e+03
-2.579116107088683748e+03
-3.535514483215477412e+03
-2.995695336528550797e+03
-2.926347233449578653e+03
-2.738442916134507414e+03
-3.685225168371688596e+03
-3.212016303784384036e+03
-3.043314385564000986e+03
-2.774342872125963368e+03
-2.906570147036190974e+03
-2.695031988054077829e+03
-2.621553572252919821e+03
-2.546091218717231641e+03
-3.813904487677502402e+03
-3.249215079615010836e+03
-2.888389642139115495e+03
-3.112093572043066160e+03
-2.935910048719821134e+03
-2.796989631556032691e+03
-2.750578016887434842e+03
-2.892675675515351031e+03
-2.868331441620843634e+03
-2.818844045204155009e+03
-2.804460823026538037e+03
-2.856219398446863124e+03
-2.801006224116448720e+03
-4.063158673795273444e+03
-3.498469265732784606e+03
-3.398930619157709316e+03
-3.262547246882824766e+03
-4.359699658274903413e+03
-3.795010250212408209e+03
-3.645129583796252973e+03
-3.566090291201418495e+03
-3.234116162406595777e+03
-3.295449700297515392e+03
-3.326781761049227953e+03
-3.284645532359619210e+03
-3.301177659280682747e+03
-3.312500332021467784e+03
-3.430470629680761249e+03
-3.337681381181303550e+03
-3.394281243411101059e+03
-4.689770663836643507e+03
-4.125081255774153760e+03
-3.999662257847858655e+03
-3.819871353718014689e+03
-3.729816411681573300e+03
-3.771618048139703205e+03
-3.663746534881993284e+03
-3.781461047280495677e+03
-3.788078655311930106e+03
-3.651542875322543750e+03
-3.724482618774356524e+03
-3.598263937818115664e+03
-3.658667558749163618e+03
-3.669026366972792403e+03
-3.530867349872181876e+03
-3.325370056695938729e+03
-3.174620496567848932e+03
-3.267935397707202810e+03
-3.482129652942679513e+03
-3.445332254498303882e+03
-4.707857451347752431e+03
-4.241669023708593159e+03
-4.776403868724341919e+03
-4.211714460661861267e+03
-3.945541977228096130e+03
-3.819867173436504800e+03
-3.749213396960959471e+03
-3.623602392195511584e+03
-3.682902978502178030e+03
-3.720156760772394591e+03
-3.633163076645874753e+03
-3.512561852343050305e+03
-3.777578411524029434e+03
-3.616610604260576110e+03
-3.674505025005928928e+03
-3.593395357557694297e+03
-3.732748978622151299e+03
-3.945273071636324858e+03
-3.713017890691182856e+03
-3.641231429058921549e+03
-4.068925748119784657e+03
-3.908413937838248785e+03
-5.545810284639539532e+03
-5.163702600072940186e+03
-4.772578968543461087e+03
-4.421085024332779540e+03
-4.178848952469352298e+03
-4.200537484753315766e+03
-4.121887861679430898e+03
-3.940991951316002087e+03
-3.994777308370646551e+03
-3.854538462401143533e+03
-3.976877898997338889e+03
-3.916307850823209719e+03
-3.824281255317481282e+03
-4.041233364262917348e+03
-3.888172331885081348e+03
-3.998805416101519768e+03
-4.083115216787443387e+03
-3.921684531453883210e+03
-3.856132842454847832e+03
-3.684338822757439175e+03
-3.914403614686607398e+03
-3.772606256065435900e+03
-3.739074050251379504e+03
-3.981090523602541907e+03
-4.000243880078611710e+03
-3.769956951125792784e+03
-3.621339671669125892e+03
-3.745722709571135056e+03
-3.842036922361887264e+03
-3.872830047348949847e+03
-3.726716920085350466e+03
-3.956442073666156830e+03
-3.611137196962163216e+03
-3.694192930451599750e+03
-3.711165723502030687e+03
-3.783090125752814856e+03
-4.012156825868572014e+03
-3.736806739846634628e+03
-3.713576417430389483e+03
-3.411384778988840480e+03
-3.918073147070717823e+03
-3.697846394589018473e+03
-3.582263247153921839e+03
-3.601096885005205422e+03
-4.047460845084291577e+03
-3.939131399203671663e+03
-3.791731634603441307e+03
-3.832075745816817289e+03
-3.872077623465721445e+03
-3.849194436194426544e+03
-3.587234462874182100e+03
-3.535600580316757714e+03
-3.803508689064625287e+03
-3.598927791966974837e+03
-3.437087735332721422e+03
-3.374647019818381523e+03
-3.550181609316665345e+03
-3.864805368507542880e+03
-3.675353961449567123e+03
-3.780221797611059628e+03
-3.717578461551424880e+03
-3.647159715980376859e+03
-3.600597228499140783e+03
-3.544113340988375967e+03
-3.987575292049119525e+03
-3.611742456932320238e+03
-3.779763073307840841e+03
-3.856675091743421490e+03
-4.001233646846410011e+03
-3.838853884150628801e+03
-3.585268611605184105e+03
-3.672780070468968006e+03
-3.993089575776624770e+03
-3.691069337080551577e+03
-4.187559410757030491e+03
-5.511138925077666499e+03
-4.946449517015169477e+03
-4.662954953826175370e+03
-4.211712155637452270e+03
-4.055158010233019013e+03
-4.347094248552222780e+03
-3.997701740671685911e+03
-4.088872805586889172e+03
-4.186789474325426454e+03
-4.291639535367126882e+03
-4.256424720608364623e+03
-4.200155346385492521e+03
-4.418518526595372350e+03
-4.348173491329762328e+03
-4.238934602107718092e+03
-4.089240751308238941e+03
-4.265509263315845601e+03
-4.179710514942657028e+03
-3.977548717065545134e+03
-4.030383444602633972e+03
-4.059620570267194125e+03
-3.888281313094226789e+03
-3.924830932770328218e+03
-4.531741292037095263e+03
-4.129787446027032274e+03
-3.976264684841848975e+03
-4.037108968918377286e+03
-4.187463357762197120e+03
-4.137982850579795922e+03
-3.819107377264282604e+03
-4.235535795626089566e+03
-3.963635651792881617e+03
-4.043445005755399052e+03
-4.434651307799360438e+03
-4.613540612301056171e+03
-4.164610012156566881e+03
-4.253138735076372541e+03
-4.293930846153512903e+03
-4.285840704272531184e+03
-4.059356389686675357e+03
-4.315166842405059469e+03
-4.063506845085746136e+03
-4.068130269415172734e+03
-4.486314184426862994e+03
-4.094287214467403828e+03
-4.340873675062812254e+03
-4.048510446224673160e+03
-3.927499105996032085e+03
-3.725399693408403436e+03
-3.739124355027967340e+03
-4.045478235825255069e+03
-3.832435856603959110e+03
-3.629938322301949029e+03
-4.414077062129832484e+03
-3.957429996110226057e+03
-3.911743987552120416e+03
-3.888611421417404017e+03
-3.993983583892048046e+03
-3.922084297194869578e+03
-4.366439125148508538e+03
-3.978220298355586237e+03
-4.246235787011235516e+03
-4.025875330244143697e+03
-4.055688159016595819e+03
-3.888732048923800903e+03
-3.812348354062719409e+03
-3.972645485256380198e+03
-4.305263768574857750e+03
-3.902500872890713708e+03
-3.829197486622097131e+03
-4.039933942635266703e+03
-4.042751370433306874e+03
-4.000277054489064540e+03
-3.824039693233642083e+03
-3.795180598724593892e+03
-3.751374848367102459e+03
-4.818154532061630562e+03
-4.262827842086767305e+03
-4.327899382862366110e+03
-4.186596292355844525e+03
-4.154568744505266295e+03
-4.323673142382125661e+03
-4.258502631888542965e+03
-4.360555512393433673e+03
-4.064730595259110942e+03
-3.829608647397226378e+03
-4.083924255710454872e+03
-4.103773311656503211e+03
-3.800224207883211420e+03
-4.172522132913244604e+03
-3.923288241220747295e+03
-3.670359431751389820e+03
-3.661533374851739609e+03
-3.716934744737317942e+03
-4.395560097918320025e+03
-3.843004194819136956e+03
-3.962274676098190866e+03
-3.963258810091308078e+03
-4.285610229994237670e+03
-4.124882164805461798e+03
-4.645186604346958120e+03
-4.471829517254503116e+03
-4.443747627897215352e+03
-4.245910010838008020e+03
-4.099518033636770269e+03
-4.428486439495516606e+03
-4.175049792031808465e+03
-4.550618824363747990e+03
-4.123744064967987470e+03
-4.419132318163899981e+03
-4.402948629215465189e+03
-4.082910751871416323e+03
-4.067841313062857807e+03
-3.896066067217427189e+03
-3.971766145830579262e+03
-4.165317053314172881e+03
-4.114336780844617351e+03
-3.960425845037947965e+03
-3.998157941439334991e+03
-4.712833927784015941e+03
-4.713441329928666164e+03
-4.837039447541676054e+03
-4.636606575156494728e+03
-4.196029783531055728e+03
-4.340379902120323095e+03
-4.089059766442824184e+03
-4.187811874618897491e+03
-4.626222846553651834e+03
-4.376116523182354285e+03
-5.926980337579932893e+03
-5.362290929517445875e+03
-4.904312392082458246e+03
-4.390645108609405725e+03
-5.318447531085103947e+03
-4.753758123022620566e+03
-4.440350201192580244e+03
-4.240410515048537491e+03
-3.935560477972726403e+03
-4.860454395189047318e+03
-4.295764987126556662e+03
-4.054859439107803155e+03
-4.139558107924067372e+03
-3.895621279375925496e+03
-4.178347186486007558e+03
-4.272607107262521822e+03
-4.386920246223811773e+03
-4.330643919907648524e+03
-4.366738444161671396e+03
-4.378599789560626050e+03
-4.261547371741668030e+03
-4.267415852173637177e+03
-4.583072041467854433e+03
-4.402283915125254680e+03
-4.101690874088602868e+03
-4.503413945311307543e+03
-4.698240248401331883e+03
-4.341829021999308679e+03
-4.069506972491939905e+03
-4.168036858400850178e+03
-3.838687054251573045e+03
-3.848424617278080405e+03
-4.127785151146540557e+03
-3.956587222107661546e+03
-4.089499220903114292e+03
-4.048019450851797501e+03
-3.969895905886167384e+03
-4.107462074247734563e+03
-4.507163336632280334e+03
-4.475813278083960540e+03
-4.390265362546153483e+03
-4.090851011888631547e+03
-4.500160997495896481e+03
-4.178002577176097475e+03
-4.381450328669995542e+03
-4.020512880012678124e+03
-4.386237144334331788e+03
-4.206527080916328487e+03
-4.149798951239936287e+03
-3.943861486095682721e+03
-4.268976214174030247e+03
-4.246698181774570912e+03
-4.354509604518361812e+03
-4.228342290014048558e+03
-3.952255596571981641e+03
-4.202893275429056303e+03
-4.715831717683938223e+03
-4.313111410906706624e+03
-4.300650184021355017e+03
-4.503155643514304757e+03
-4.133022394516831810e+03
-4.095958367634591923e+03
-4.921328317381889065e+03
-4.356655415912297940e+03
-4.822870453683730375e+03
-4.402547289898216150e+03
-4.280615602804211449e+03
-4.076959154518709965e+03
-4.002896479404734691e+03
-4.817107875327248621e+03
-4.578977291006335690e+03
-4.451255592885794613e+03
-4.472109264594217166e+03
-3.993845173251495453e+03
-4.133653942726825335e+03
-3.889686853502945269e+03
-4.258338478719730119e+03
-4.200366274601547957e+03
-3.747416994755394171e+03
-4.804439621123536199e+03
-4.246054001864502425e+03
-4.034771621376672556e+03
-3.918669895349787112e+03
-4.008667424778618624e+03
-3.817726234946560453e+03
-4.155129915701018945e+03
-4.372853120038575980e+03
-3.962043335010203009e+03
-4.046441764390906428e+03
-3.827947705787753875e+03
-4.268968027199651260e+03
-4.631253312367894978e+03
-4.377589085203716422e+03
-4.068593576965776265e+03
-4.197924785018973125e+03
-4.349610637206689717e+03
-4.463268785978726555e+03
-4.210779093189710693e+03
-4.252780582221283112e+03
-4.259426249948377517e+03
-4.297469214412267320e+03
-4.191688376359068570e+03
-4.739224498751320425e+03
-4.433246704997713096e+03
-4.450862898980718455e+03
-4.176072542922706816e+03
-4.242610165231080828e+03
-3.994574310973163847e+03
-3.980565028308761157e+03
-4.208060240624241487e+03
-4.247421739682622501e+03
-4.279999081780000779e+03
-8.155519384779863685e+03
-7.590829976717373938e+03
-7.026140568654891467e+03
-6.461451160592388078e+03
-5.896761752529908335e+03
-5.523913215577957999e+03
-5.521931059585946059e+03
-5.253562868298409740e+03
-4.884082030019091690e+03
-4.807623035049834471e+03
-5.229267654896795648e+03
-5.072887731409616208e+03
-4.700561839189991588e+03
-4.914241508803732359e+03
-4.766065307006630974e+03
-4.417693871458083777e+03
-4.797004184872554106e+03
-4.766629393541913487e+03
-4.426381767432425477e+03
-4.547331911340994338e+03
-4.371238638432631888e+03
-4.032960758688654550e+03
-4.145592357714748687e+03
-3.912338643567978579e+03
-4.399433818581435844e+03
-6.361357505177029452e+03
-5.796668097114547891e+03
-5.232042995905696444e+03
-4.970463494072191679e+03
-4.507510513676932533e+03
-4.604464275132635521e+03
-4.635571711814760420e+03
-4.707854941339894140e+03
-4.448609444999028710e+03
-4.211992107803445833e+03
-4.481384155533442026e+03
-4.598144981225919764e+03
-4.958885446573990521e+03
-7.451856206865901186e+03
-6.887166798803420534e+03
-6.322711352367407926e+03
-5.959818581536119382e+03
-5.707300094294298106e+03
-6.452096726934036269e+03
-5.887407318871550160e+03
-5.415794721589118126e+03
-5.544555620855953748e+03
-5.450001069580995136e+03
-4.960016631083482025e+03
-4.796880026549526519e+03
-4.442833454009521120e+03
-4.499414847953526987e+03
-4.242971604729625142e+03
-4.697848015348103218e+03
-4.629534875154651672e+03
-4.676768015729567196e+03
-4.536296613251282906e+03
-4.188999230176834317e+03
-3.753333267128457919e+03
-4.080151700218873430e+03
-4.444342443514242404e+03
-4.608558642384457926e+03
-4.860961275238161761e+03
-4.658038605874584391e+03
-4.611374511304347834e+03
-4.365696453230583757e+03
-4.179849189128017315e+03
-4.303784362296371910e+03
-4.264471883198377327e+03
-4.326788447149549029e+03
-4.396824095860320085e+03
-5.163493453091337869e+03
-4.771353453262994663e+03
-5.003939783438002451e+03
-4.748672683025070000e+03
-4.488145564741376802e+03
-4.305689943627918183e+03
-4.524180150299121124e+03
-4.763522565083496374e+03
-4.545619717982563998e+03
-4.741725310143505340e+03
-4.509371336980970227e+03
-4.304852299192754799e+03
-4.186896839818687113e+03
-4.229820478239781551e+03
-4.637570738476656516e+03
-4.187284248571180797e+03
-4.488097825247717992e+03
-4.366580561367307382e+03
-4.175583808364403922e+03
-4.083955133863764786e+03
-4.558238622851802575e+03
-4.850769564065358281e+03
-5.300136222791772525e+03
-4.840742134190991237e+03
-4.711853833153134474e+03
-4.551522833089206870e+03
-4.372614881000650712e+03
-4.691325740167858385e+03
-4.713301907171029598e+03
-4.710550319321441748e+03
-4.728438225121180949e+03
-4.585869030250418291e+03
-4.151020972572645405e+03
-4.024681892591525866e+03
-5.004462503082389048e+03
-4.439773095019898392e+03
-4.248485525695683464e+03
-4.429175955511661414e+03
-4.089661062919084543e+03
-4.767476087473495681e+03
-4.477690626984109258e+03
-4.854999016544719780e+03
-4.616832445908890804e+03
-4.765620017561995155e+03
-4.516455556708422591e+03
-4.815080578475957736e+03
-5.284957142127810584e+03
-4.729542427336755281e+03
-4.498099932245034324e+03
-4.341510117371091837e+03
-4.546521392030614152e+03
-4.309417762542389028e+03
-4.332090679497973724e+03
-4.357446419657544538e+03
-4.741681039711120320e+03
-4.292776669321898225e+03
-4.536339273405776112e+03
-4.691758021932615520e+03
-4.671940577376753936e+03
-4.367818485619958665e+03
-5.188514407724328521e+03
-4.836109923795376744e+03
-4.864034173589945567e+03
-5.009155965605460551e+03
-5.028749186167660810e+03
-4.952979387966638569e+03
-5.044608438541305077e+03
-4.820958192171997325e+03
-4.615740372105026836e+03
-4.564565659934365613e+03
-4.615754466150377993e+03
-4.201968377968187269e+03
-4.157558019076099299e+03
-5.160134502604152658e+03
-4.906764706894644405e+03
-4.815105426868731229e+03
-4.448104604161714633e+03
-4.511743492102701566e+03
-4.449299387440073588e+03
-4.571246507001214013e+03
-4.338593686052248813e+03
-4.657638363157631829e+03
-4.588480119130601452e+03
-4.636608694343180105e+03
-4.400855015026704677e+03
-5.068997789110830126e+03
-4.504355106350751157e+03
-4.166409370195294287e+03
-4.149279085445115925e+03
-3.996299577202936234e+03
-4.130109046635085178e+03
-4.304052223753112230e+03
-5.170500404944474212e+03
-4.606770413070878021e+03
-4.660276688684182773e+03
-4.397579646558495369e+03
-4.377646441234690428e+03
-4.531047191368928907e+03
-4.800800394102750943e+03
-4.917118324104782914e+03
-4.872077028682368109e+03
-4.398012009393522021e+03
-4.830293911302938795e+03
-4.719216345825233475e+03
-4.438989581169458688e+03
-4.637173965273049362e+03
-4.478931885675056947e+03
-4.482481600778469328e+03
-4.721335089906704525e+03
-4.995277158136905200e+03
-4.723981278223621302e+03
-5.024448005138045119e+03
-4.894751747743903252e+03
-4.675831371431302614e+03
-4.692885946995213089e+03
-4.656036181370953273e+03
-4.650030179722940375e+03
-5.277303310914902795e+03
-4.713543616658964311e+03
-4.889119341454257665e+03
-4.648780447623415057e+03
-4.424161678584953734e+03
-4.982209071578425210e+03
-4.788389904826832208e+03
-4.580219034883419226e+03
-4.643666551221559530e+03
-4.557764748304051864e+03
-4.634886385710168724e+03
-4.301370691398833515e+03
-4.797863427945494550e+03
-4.539161751009447471e+03
-4.589425978727215806e+03
-4.945758258194093287e+03
-4.611401906742057690e+03
-4.585372773501940173e+03
-4.454644146745626131e+03
-4.318973937247301365e+03
-4.614479099828635299e+03
-4.714577229474111846e+03
-4.852661132509026174e+03
-4.658756826102617197e+03
-4.911801595067485323e+03
-4.789988147255844524e+03
-4.549314386628455395e+03
-4.883727705165430962e+03
-4.745687160351734747e+03
-4.404663677143940731e+03
-3.981457961751845232e+03
-4.562442171175160183e+03
-4.214879186552376268e+03
-4.099569284649631300e+03
-4.809934368129217546e+03
-4.370455415062576321e+03
-4.624375968412316070e+03
-4.256214824625609253e+03
-4.092394369938491764e+03
-5.184548657114217349e+03
-4.725185982634494394e+03
-4.222171491460792822e+03
-4.067072838208806388e+03
-3.901610851572613228e+03
-3.898244272878021548e+03
-4.497420484417216358e+03
-4.230327390779280904e+03
-4.381892167236484966e+03
-4.605449881804284814e+03
-4.170009490572289906e+03
-3.911433132870415193e+03
-4.407572189159311165e+03
-4.261919765713745619e+03
-4.808378358977143762e+03
-4.462783003617687427e+03
-4.332684153153568332e+03
-5.093407558535066528e+03
-4.743064080567509336e+03
-4.863319002279713459e+03
-4.404283507496500533e+03
-4.123227366411444564e+03
-4.860514834174579846e+03
-4.469681920847477159e+03
-4.648490352284143228e+03
-4.225369112495502122e+03
-4.251487891335406857e+03
-4.148228641692088786e+03
-4.760794511396422422e+03
-4.712032676001070286e+03
-4.147840530010431394e+03
-4.491061911853860693e+03
-4.502080539755907012e+03
-4.282005911315314734e+03
-4.563384898601905661e+03
-4.326060615693722866e+03
-4.943360182195623565e+03
-4.628438892152214976e+03
-5.396809417939874038e+03
-5.026733878328101127e+03
-5.177879352723208285e+03
-5.052982920344667946e+03
-4.751906153724227806e+03
-4.801233198258780249e+03
-4.946711935548515612e+03
-5.081053167873533312e+03
-4.707222824960187609e+03
-4.912104344201094136e+03
-4.899025530874496326e+03
-4.537047966061848456e+03
-4.699322066215340783e+03
-4.788667000556954918e+03
-5.070212265252678662e+03
-4.838997827114690153e+03
-4.845937508350787539e+03
-4.387018218283919850e+03
-4.816556559107279099e+03
-4.592376079676610971e+03
-4.378379300838862036e+03
-4.770789402061600413e+03
-4.742835256611662771e+03
-4.393368769982319463e+03
-4.397593019957219440e+03
-5.773889325249335343e+03
-5.274658551233495018e+03
-4.935648073602709701e+03
-4.951429023357779442e+03
-4.613627470101063409e+03
-5.038751200289490953e+03
-4.887184578301676083e+03
-5.204868193979205898e+03
-4.652105818741779331e+03
-4.712750694287955412e+03
-4.699063224190635992e+03
-4.428728586915133747e+03
-4.394208619951848959e+03
-4.032578674965590380e+03
-5.387264576417974240e+03
-4.822575168355484493e+03
-4.468047259460391615e+03
-4.542900798490655689e+03
-4.712152633263797725e+03
-5.016538016947520191e+03
-4.539855872941896450e+03
-5.106477322236467444e+03
-4.738067407726364763e+03
-4.717000165895615282e+03
-4.691562909056448916e+03
-4.524002164885338061e+03
-4.847240529468086606e+03
-4.282551121405587764e+03
-4.223574179421160807e+03
-4.301526380570056062e+03
-4.141360585089487358e+03
-4.848158391332770407e+03
-4.381611269587810057e+03
-5.225834705051735909e+03
-4.860770557979418300e+03
-4.547740898779884446e+03
-4.378191979117875235e+03
-4.781521349710352297e+03
-4.329592708891048460e+03
-5.445176406385703558e+03
-4.883608087686521685e+03
-4.787886031393137273e+03
-4.916801549148174672e+03
-4.887321483947811430e+03
-4.626398829262825529e+03
-4.736230219955285065e+03
-4.791096557077411489e+03
-4.541828891775015109e+03
-4.499175042608094373e+03
-4.400434304670709935e+03
-4.158623998328177549e+03
-4.258370095183773628e+03
-4.452415527133012802e+03
-4.552232491224665864e+03
-4.395818776094859459e+03
-4.273526056720720590e+03
-5.198768859654377593e+03
-4.846134149233566859e+03
-4.778095678999310621e+03
-4.584987609644920667e+03
-4.640633084363369562e+03
-4.342835802731184231e+03
-4.771020623886933208e+03
-4.508208299883925065e+03
-4.880888580717959485e+03
-5.116847892095261159e+03
-4.747099808404293071e+03
-4.771435672216621242e+03
-4.767037191694662397e+03
-4.596251712484599011e+03
-4.823744789354257591e+03
-4.505391360802296731e+03
-4.375306007419095295e+03
-5.012250933808507398e+03
-5.161457009699215632e+03
-4.708507403710634208e+03
-5.258413068446781836e+03
-4.800110475015391785e+03
-4.730804851441791470e+03
-4.551807792253985099e+03
-4.531415516141137232e+03
-4.372438933853574781e+03
-5.161072900521954580e+03
-4.700402714469843886e+03
-4.683508947394206189e+03
-4.641691883043049529e+03
-5.050110258863463969e+03
-5.316301376041901676e+03
-4.755712997363001705e+03
-5.083176189959783187e+03
-4.767056383499034382e+03
-4.859266664534592564e+03
-4.528618792942361324e+03
-4.664056054752576529e+03
-4.491054408710715506e+03
-4.540970962116701230e+03
-4.997581142572337740e+03
-4.530270370977645143e+03
-4.511735180906751339e+03
-4.611616220159245131e+03
-4.807121618917812157e+03
-4.477833585223839691e+03
-4.439549005868148015e+03
-4.699100846246692527e+03
-4.243219844335963899e+03
-4.913503902729004039e+03
-5.683373271541950999e+03
-5.118980452768500982e+03
-4.704237283429589297e+03
-4.580474518148599600e+03
-4.442369944252471214e+03
-5.083585864128760477e+03
-4.581961524842310610e+03
-5.334659623095585630e+03
-4.877168824392158967e+03
-4.629840276360269854e+03
-4.506490964299132429e+03
-4.581765243556002133e+03
-5.430029172492468206e+03
-4.974219802241882462e+03
-5.007568567679343687e+03
-5.109091814260104911e+03
-5.088623671686924354e+03
-4.811787475975437701e+03
-4.701039309797758506e+03
-4.646048301259579603e+03
-4.621281212072726703e+03
-4.789946784270481658e+03
-5.133983931914339337e+03
-5.034383586049622863e+03
-5.359643191774956904e+03
-5.005748960762296520e+03
-4.799669868234294881e+03
-4.807005499653721927e+03
-4.459812145257805241e+03
-4.826817245217259369e+03
-4.573158327185827147e+03
-4.456138772243975836e+03
-4.848832702991057886e+03
-4.392416773986942644e+03
-4.409476168378083457e+03
-4.397984141738925246e+03
-4.232851563874742169e+03
-5.568299593519159316e+03
-5.014694192119161016e+03
-4.754100928713878602e+03
-4.582614646280817396e+03
-4.933660574146337240e+03
-4.907613964388264321e+03
-4.857409951727853695e+03
-4.616389285117519648e+03
-4.765430608203377233e+03
-4.503257971929850100e+03
-4.856178192154991848e+03
-5.081590671786228086e+03
-4.785627858741703676e+03
-5.103600951165008155e+03
-4.651227963378589266e+03
-4.796250688659047228e+03
-4.769344100916434400e+03
-4.612020681814132331e+03
-4.296034050519670927e+03
-4.983621758934020363e+03
-5.017206896629910261e+03
-4.938069686388658738e+03
-4.489618701310824690e+03
-4.180260465944022144e+03
-4.405467475679939525e+03
-4.167064544610675512e+03
-5.096078206161989328e+03
-4.750692353414806348e+03
-4.407733215252152149e+03
-5.162625132766946081e+03
-4.885896990426669618e+03
-4.699929325150555997e+03
-4.657355271259370056e+03
-4.615825043715885840e+03
-4.540378500109640299e+03
-4.219956937292182374e+03
-4.483486080404964014e+03
-4.627710707792034555e+03
-4.384005790045790491e+03
-5.104317786682975566e+03
-4.643182845994468153e+03
-4.606694695121994300e+03
-4.166248196768837261e+03
-4.422522044561718758e+03
-4.052463724960901345e+03
-5.821061221180686516e+03
-5.256371813118197679e+03
-5.016611712301791158e+03
-4.968005155840310181e+03
-5.307736775243667580e+03
-4.853238684858254601e+03
-4.529363450686900251e+03
-5.006566039063087374e+03
-4.771298807215632223e+03
-4.927815784504242401e+03
-4.481239933559480960e+03
-4.816326632030248220e+03
-4.575770844404939453e+03
-4.581650375100862220e+03
-4.450418575385428994e+03
-4.877663857614732478e+03
-4.781340128558749711e+03
-4.622013075900596959e+03
-5.372366620216886076e+03
-5.116743484033870118e+03
-5.063770673920087575e+03
-4.924936689137755820e+03
-4.802687701049755560e+03
-4.758413049145417062e+03
-4.803740710754111205e+03
-4.535658681725185488e+03
-5.081970708332301001e+03
-4.818087702427800650e+03
-4.366406225859054757e+03
-4.810654263840347994e+03
-5.364127250709759210e+03
-4.910251667034832280e+03
-5.039760602434949760e+03
-5.361149248066167274e+03
-4.895611421711204457e+03
-4.799143785951380778e+03
-4.839067760345849820e+03
-5.165675585437564223e+03
-4.820164124726588852e+03
-5.071043885131422940e+03
-4.700220712805803487e+03
-4.888961072726326165e+03
-5.400752313467080967e+03
-4.943733745988682131e+03
-4.884326020237935154e+03
-4.722834547691782973e+03
-5.397149236033702437e+03
-4.950481095965034910e+03
-5.053790249187733934e+03
-4.815306819201910912e+03
-4.698613453067483533e+03
-4.338700195456691290e+03
-4.315215008483308338e+03
-4.719498511264120680e+03
-5.223921817359650959e+03
-4.662471454020713281e+03
-4.388709864381703483e+03
-4.057060340116397583e+03
-4.542566383824925651e+03
-5.985609755857757591e+03
-5.442599614529624887e+03
-5.185311703407577625e+03
-4.922154716392218688e+03
-4.599948621837522296e+03
-4.931471026523006913e+03
-4.450119739060709435e+03
-4.851920722697232122e+03
-4.945904043508082395e+03
-4.385773444453194315e+03
-4.809239927423879635e+03
-4.655337575653584281e+03
-4.364572842863437472e+03
-5.211986508998112186e+03
-4.846558879725551378e+03
-5.726989960697797869e+03
-5.162709273266165837e+03
-5.010355401328264634e+03
-4.987615447760919778e+03
-4.917884130106814155e+03
-4.867090735279158253e+03
-4.696848703206717801e+03
-5.288096549544540721e+03
-5.027677581787161216e+03
-5.067657083715528643e+03
-4.837169500630760012e+03
-4.701534671533720029e+03
-4.922294781994411096e+03
-5.053232695486045486e+03
-4.824829560487030903e+03
-5.156303149501285588e+03
-4.846454982215642303e+03
-4.635859992319566118e+03
-4.918661532141234602e+03
-5.318521754065637651e+03
-4.755287815920790308e+03
-5.187904234843652375e+03
-5.140994545704707889e+03
-4.932790515841415981e+03
-5.056565309071885167e+03
-5.285049096807319074e+03
-5.107300435530486538e+03
-4.758438288547769844e+03
-4.623217324191173248e+03
-4.819520313851976425e+03
-4.583802289313429355e+03
-4.779337770291892411e+03
-4.462449127412676717e+03
-4.357019150429925503e+03
-5.244629627562581845e+03
-4.688926025578502959e+03
-4.637948145793543517e+03
-4.703943234584584388e+03
-4.453534833900104786e+03
-4.634156914720711939e+03
-4.698493218223118674e+03
-4.895764286863861344e+03
-4.796319531130040559e+03
-5.192855310440965695e+03
-4.843662843480294214e+03
-4.692544323622132652e+03
-4.452831460004860674e+03
-4.778805237007716642e+03
-5.024021884891890295e+03
-4.866141886562122636e+03
-4.596229111692420702e+03
-5.484074901302074068e+03
-4.920150663726119092e+03
-4.966531765692072440e+03
-4.816233832662524946e+03
-4.728863602434764289e+03
-4.662230675308393074e+03
-4.407548289268290318e+03
-4.708128432355500081e+03
-4.931370638252257777e+03
-4.665597585449389953e+03
-4.705821700128554767e+03
-4.673874625122543875e+03
-4.619763019441759752e+03
-4.375875234316724345e+03
-5.738923841886458831e+03
-5.174234433823966356e+03
-4.778684875853583435e+03
-4.778137262278529306e+03
-4.541497349951007891e+03
-4.478638659889369592e+03
-4.594024014813164285e+03
-5.135183162687936601e+03
-4.570611492984768120e+03
-4.561765490184972805e+03
-4.218292421141638442e+03
-5.340553961716548656e+03
-5.520101604547468014e+03
-4.955412196484974629e+03
-4.725152758381327658e+03
-5.485926124132096447e+03
-5.245141855109679454e+03
-4.996053119413383683e+03
-4.753362932500616807e+03
-4.817116923605881311e+03
-4.720614817552639579e+03
-5.595011738846809749e+03
-5.030709154315329215e+03
-4.762443145497474688e+03
-4.633647504674356242e+03
-4.933105363087322075e+03
-4.712073089540894216e+03
-4.460844153035241106e+03
-4.806532426199712063e+03
-4.858673494696869966e+03
-4.419139657530190561e+03
-5.212792064855009812e+03
-4.691805979514529099e+03
-4.473897766532610149e+03
-4.785828299747887286e+03
-4.818116349368484407e+03
-4.700201095566614640e+03
-5.349271453351192577e+03
-4.842924498818752909e+03
-4.702622212240999943e+03
-4.626610621266204362e+03
-4.711537357763412729e+03
-5.152019905795759769e+03
-5.317966763841711327e+03
-4.961821670405024634e+03
-4.909051027950055868e+03
-5.067252239864747025e+03
-5.161414427902604075e+03
-4.892216078560231836e+03
-5.477572134367635954e+03
-4.966380718819302274e+03
-4.609224858260107794e+03
-5.244728308716635183e+03
-4.680038900654139070e+03
-4.417150233678916265e+03
-4.315967930964976404e+03
-4.812427551198738911e+03
-4.432692786456476824e+03
-4.166690353286247046e+03
-4.710746771347039612e+03
-4.361057123748650156e+03
-4.661971982489062611e+03
-5.094069215969809193e+03
-4.811203056519072561e+03
-4.455897402871241866e+03
-5.428249742863340543e+03
-4.863773128997028834e+03
-4.708520643443148401e+03
-4.951537036307028757e+03
-5.012251907786796437e+03
-4.994992940303587602e+03
-4.659932682873262820e+03
-4.938432823154084872e+03
-4.696085103341714785e+03
-4.897694742165855132e+03
-4.797200407889566122e+03
-5.523083965241985425e+03
-5.299672555420028402e+03
-4.734983147357533198e+03
-4.884018289050873136e+03
-4.434899588750722614e+03
-5.235058150636328719e+03
-5.341030962686403655e+03
-4.778280936032260797e+03
-5.087095688877627254e+03
-4.636155126772577205e+03
-4.556179133209892825e+03
-5.481310425186758039e+03
-5.013385555657978330e+03
-5.055270390870490701e+03
-4.779351037893449757e+03
-4.812930639974931182e+03
-5.753000756046682000e+03
-5.188311347984194072e+03
-4.933964464152746586e+03
-5.555285634233780002e+03
-5.318052869359805300e+03
-5.109008571421138186e+03
-5.066583323296754315e+03
-5.491017034499673173e+03
-5.870026888414911809e+03
-5.527638282984418765e+03
-5.090661914638425515e+03
-4.787447478250003769e+03
-4.849470885952863682e+03
-5.032006201834396052e+03
-5.864465390542261048e+03
-5.405019047223046073e+03
-5.127749864164848987e+03
-4.874860725415989691e+03
-4.972378797548100920e+03
-5.233283846001524580e+03
-4.759389727321417013e+03
-4.784549880029841006e+03
-4.858907120463361935e+03
-4.630575196145489826e+03
-5.338879500935627220e+03
-4.973907496603332220e+03
-4.727359116316463769e+03
-5.353045012164857326e+03
-4.943844997118648280e+03
-4.964070515026316571e+03
-4.813833352327854300e+03
-4.728745827258706413e+03
-5.432662298525360711e+03
-4.976364646766443002e+03
-4.817918516697741325e+03
-4.865252036870808297e+03
-4.605838820070222027e+03
-4.457914842981195761e+03
-5.098037714588146628e+03
-4.598912398056425445e+03
-4.671535793260738501e+03
-4.570841853922005612e+03
-4.866214699795869819e+03
-4.600340761496699997e+03
-4.313496547331345027e+03
-4.303047869668478597e+03
-5.962835439485805182e+03
-5.398146031423309978e+03
-4.918768472930883945e+03
-5.055549049601344450e+03
-4.678678396557954329e+03
-5.114421875603686203e+03
-5.059392291009035944e+03
-5.126755121234847138e+03
-4.666293199028892559e+03
-4.754306525978790887e+03
-5.197021898010771110e+03
-4.815571164629336636e+03
-5.589247455919520689e+03
-5.353514630682271672e+03
-5.358924927029530409e+03
-4.995937217102930845e+03
-4.672515394621608721e+03
-5.506093589719934243e+03
-4.994601659400101198e+03
-5.357461223327678454e+03
-5.068163799875468612e+03
-4.865560530715262757e+03
-4.851662633362522683e+03
-5.216295740334106085e+03
-5.015223297802976958e+03
-4.450897012551384250e+03
-4.865164443930246307e+03
-5.022893184475204180e+03
-5.415218015531707351e+03
-5.079177638759525507e+03
-5.043575490964766686e+03
-6.397767846074685622e+03
-5.833078438012190418e+03
-5.273405840553110465e+03
-4.947770952668262908e+03
-5.200944238978674548e+03
-4.996228407815077844e+03
-4.938501662458840656e+03
-4.781408057885733797e+03
-4.749372308015239469e+03
-4.360511548668939213e+03
-6.073134703277153676e+03
-5.508445295214669386e+03
-4.945273701248654106e+03
-5.273562395760696745e+03
-4.916886489550732222e+03
-5.074013575091921666e+03
-4.743931044259515147e+03
-5.254424335468439494e+03
-4.791378967740177359e+03
-4.923727792301224326e+03
-4.894298913030253971e+03
-5.330475199502480791e+03
-4.991007198260340374e+03
-5.323659986610388842e+03
-5.434030693611645802e+03
-4.869940643396252199e+03
-5.202805734059815222e+03
-4.857117066182384406e+03
-5.345906587947870321e+03
-4.883610532128479463e+03
-4.586433541730712022e+03
-4.379873483267183474e+03
-4.802204356302904671e+03
-4.662751382061100230e+03
-4.978692978260751261e+03
-4.990456299423212840e+03
-4.753888550403191402e+03
-4.599643436705408021e+03
-4.663831390362244747e+03
-4.344216207185900203e+03
-4.909384068166977158e+03
-4.851217378716417443e+03
-4.804455176529827440e+03
-5.107749852491624551e+03
-4.646715315521311823e+03
-5.209742338414895130e+03
-5.864998292553082138e+03
-5.300308884490584205e+03
-5.051447078489985870e+03
-4.700096443644382816e+03
-5.062059982219589983e+03
-5.009318024005850930e+03
-4.714962317289808198e+03
-5.361070444515275994e+03
-5.026621339908751906e+03
-4.872300596343348843e+03
-4.645413984152270132e+03
-4.598363796157544130e+03
-4.829622422490919234e+03
-5.049469331198364671e+03
-4.507978571158456361e+03
-5.132317722133278949e+03
-4.796399703154354029e+03
-5.065937019186530961e+03
-4.710058100405241930e+03
-4.712206722489057029e+03
-4.755732389651986523e+03
-4.897866910547631051e+03
-4.577673362375127908e+03
-4.931759294909366872e+03
-4.505303991683417735e+03
-4.743537710659063123e+03
-4.868369887263385863e+03
-4.416599975177238775e+03
-5.282519146013777572e+03
-5.009790116615577972e+03
-5.052845192340524591e+03
-4.871651900200183263e+03
-4.534164498288322648e+03
-5.585542874000468146e+03
-5.457671504314052072e+03
-5.079889024120806425e+03
-4.558697848472981605e+03
-4.701798796614157254e+03
-5.435340939300285754e+03
-5.406686187147009150e+03
-4.967540849412700481e+03
-4.854370434626524002e+03
-4.509047474548879109e+03
-4.689277207985465793e+03
-4.855968390537622327e+03
-4.328023897380326162e+03
-5.996615298600167080e+03
-5.431925890537669147e+03
-5.376620510937493236e+03
-5.016971895201480947e+03
-5.660329047814228943e+03
-5.293733427885046694e+03
-4.905192452423344548e+03
-5.329498810319282711e+03
-4.963436175899058071e+03
-5.088354378296396135e+03
-5.235730811156734489e+03
-4.919468840543098850e+03
-4.611734133123695756e+03
-5.188578271983944433e+03
-4.623888863921458324e+03
-4.672092708096486604e+03
-4.767798309871301171e+03
-4.950664677099033725e+03
-4.600063152947353956e+03
-5.278998004985414809e+03
-4.725196772507666537e+03
-4.470316306650714978e+03
-5.139105056474611047e+03
-5.229074125842596914e+03
-4.893683633692078729e+03
-5.117749231941181279e+03
-5.044895183047148748e+03
-4.792745020386139004e+03
-4.319337673050121339e+03
-4.672177287920696472e+03
-5.787063615075653615e+03
-5.267846670491737314e+03
-5.807544719970736878e+03
-5.243182777314033046e+03
-5.194336494921675694e+03
-5.155430222634709025e+03
-5.129440412354302680e+03
-4.781476072865762035e+03
-4.430091288249344871e+03
-5.278494443738000882e+03
-4.817925168540508821e+03
-5.621391430689749541e+03
-5.165422958085794562e+03
-5.037092896165527236e+03
-4.808222551221101639e+03
-5.051903608476923182e+03
-4.924920313836018067e+03
-5.823617610118979428e+03
-5.260273901799209852e+03
-5.735428775397673235e+03
-5.262994979039790451e+03
-4.925783698881022246e+03
-4.843218201880465131e+03
-4.501493717103577183e+03
-5.841994538941909923e+03
-5.277305130879421995e+03
-4.820789034422246004e+03
-5.139262947252489539e+03
-4.779068094943549113e+03
-5.138109237048980503e+03
-4.796677265391535911e+03
-4.918357386087072882e+03
-5.603037271204011631e+03
-5.039034801757197783e+03
-4.986218905413505126e+03
-4.966786336373495942e+03
-5.056613144415940042e+03
-4.665760035920791779e+03
-4.977873275927524446e+03
-4.655126298796245464e+03
-4.769920562394040644e+03
-5.340199285089705882e+03
-5.632844003722644629e+03
-5.180392665094333097e+03
-4.873129124261260586e+03
-5.476160385157681958e+03
-5.122677852981583783e+03
-5.889437413712165835e+03
-5.324748005649669722e+03
-5.082855995770480149e+03
-4.719864460151347885e+03
-4.782520629757957067e+03
-5.086355319374035389e+03
-4.862711268868370098e+03
-5.947559549047508881e+03
-5.532905444844464000e+03
-5.209478657726636811e+03
-5.171771288632351570e+03
-5.567882237224058372e+03
-5.271104736780886924e+03
-5.418798792308194606e+03
-5.739355969955056935e+03
-5.719583358723547462e+03
-5.154893950661061353e+03
-4.905488680772758016e+03
-5.106655845291629703e+03
-5.339316958648154468e+03
-5.163471977278897612e+03
-4.715386668827417452e+03
-4.796263636424706419e+03
-5.158835617848832044e+03
-5.026043596703994808e+03
-4.556439278669873602e+03
-5.776336816498616827e+03
-5.295072913574947961e+03
-4.956526915178763375e+03
-5.274875054401654779e+03
-5.257947646339443963e+03
-4.993558958324441846e+03
-5.167044552116232808e+03
-4.710308416599564225e+03
-4.542591051790730489e+03
-5.042626090034182198e+03
-4.584415184809939092e+03
-4.479753624757315265e+03
-4.356695315672569450e+03
-5.382651784852456331e+03
-4.817962376789964765e+03
-4.889820277311036989e+03
-4.753785085039475234e+03
-4.700589422958668365e+03
-4.902208212096150419e+03
-4.401450120635003259e+03
-5.956135020674873886e+03
-5.391820735925260124e+03
-5.092319928414067363e+03
-4.966803908293533823e+03
-4.715672524627225357e+03
-6.222007478663230359e+03
-5.657318070600739702e+03
-5.095139260460106016e+03
-5.080724475154602260e+03
-5.074728654926234412e+03
-4.531650261423475968e+03
-4.690029035370802376e+03
-4.245281709663026049e+03
-5.997929101727160742e+03
-5.529883414467240073e+03
-5.315039698259419310e+03
-5.123792902511615466e+03
-4.560783512409489049e+03
-5.338784164670696555e+03
-4.882878869754777952e+03
-4.583739358967110093e+03
-4.750111142791015482e+03
-5.062715547838857674e+03
-4.720511864252744090e+03
-4.764456535351935599e+03
-4.895742754482681448e+03
-5.037349636409548111e+03
-4.642106512602133989e+03
-4.741442932895536615e+03
-4.606321557317101906e+03
-4.468575402571552331e+03
-5.310189031160854938e+03
-4.745499623098367010e+03
-5.754818454592966191e+03
-5.288153400461676028e+03
-5.139934421711401228e+03
-4.782848393283098630e+03
-4.853256156621502669e+03
-5.025185190916127794e+03
-4.983590358934410688e+03
-5.897507344783479311e+03
-5.332817936720988655e+03
-5.577110908967500109e+03
-5.060410543284875530e+03
-4.707621612093512340e+03
-4.765684737605447481e+03
-5.003794882628480991e+03
-4.584939387378907668e+03
-5.372650198195517987e+03
-4.877525421326105970e+03
-4.416480338387112170e+03
-4.444028812906438361e+03
-4.478417486709118748e+03
-4.264876962137290320e+03
-5.867060976395665421e+03
-5.302371568333176583e+03
-4.798404831573569027e+03
-4.945161219880086719e+03
-5.037399960869921415e+03
-4.749582299303519903e+03
-4.728189997057365872e+03
-5.099549924058561373e+03
-4.643553291954322958e+03
-4.231855914340845629e+03
-4.883100716249913603e+03
-4.611696090867248131e+03
-4.720878069928743571e+03
-4.554895879339053863e+03
-4.354208079882523634e+03
-4.118674466117538032e+03
-4.779840431038323914e+03
-4.315067744143725577e+03
-5.531070305683946572e+03
-4.966695129668964000e+03
-4.909439306890015359e+03
-4.540917649835190787e+03
-4.839544241712495932e+03
-4.677068750294729398e+03
-4.398851486959260001e+03
-4.475888094909435495e+03
-4.925012920270082759e+03
-4.569514746848798495e+03
-5.689624664686652068e+03
-5.124935256624159592e+03
-5.565324643991589255e+03
-5.162592528767947442e+03
-5.215438726374179168e+03
-5.364234084521806835e+03
-5.036907893510982831e+03
-5.482752595541657683e+03
-5.151307099399214167e+03
-5.328568088202759100e+03
-5.104943869007744979e+03
-4.750128540136891388e+03
-4.878239880665874807e+03
-4.314444750562262925e+03
-4.843659846590702728e+03
-4.489181488833996809e+03
-4.724693961875660534e+03
-4.494287095686603607e+03
-4.866166859334784931e+03
-4.721897389203551029e+03
-4.461735383192921290e+03
-4.808091393240172692e+03
-4.724102706274625234e+03
-4.560665692538043913e+03
-5.887379745831893160e+03
-5.322690337769403413e+03
-5.025552094679906077e+03
-4.854797290765078287e+03
-5.174803924708379782e+03
-4.820505878211457457e+03
-5.142344248103398058e+03
-4.894553316110448577e+03
-4.989488999680621419e+03
-4.578725679947375284e+03
-4.329768834096021237e+03
-4.902194946451279066e+03
-4.635540775472320092e+03
-4.972146909463736847e+03
-4.986062681335748493e+03
-5.101529699000975597e+03
-5.280141327890733010e+03
-4.930692482149594071e+03
-5.287864641250870591e+03
-5.213574028316435943e+03
-5.056820070756173664e+03
-5.119569135565101533e+03
-6.062443944351480241e+03
-5.573573182158666896e+03
-5.058461942422320135e+03
-5.255120215364629985e+03
-5.063442752065759123e+03
-4.614521830707320078e+03
-4.838338036822278809e+03
-5.261807561254794564e+03
-4.904004686238758040e+03
-4.895464839997200215e+03
-4.438825377127956017e+03
-5.319821824611478405e+03
-4.886960962799179470e+03
-4.773696687052074594e+03
-4.416243085253698155e+03
-4.536158395506923625e+03
-4.787552660209300484e+03
-4.735015147570300542e+03
-5.085713338378647677e+03
-4.926431621110918968e+03
-4.755918584918788838e+03
-5.311682721933657376e+03
-5.077327913732244269e+03
-5.775570250174049761e+03
-5.210880842111561833e+03
-5.263386879337913342e+03
-4.918731645185211164e+03
-5.455724761603620209e+03
-5.319931180159892392e+03
-4.960927833655975519e+03
-5.503202309513060754e+03
-5.633974754550858961e+03
-5.255224460795917366e+03
-5.005410464693100948e+03
-4.943499750384517938e+03
-4.843126288212550207e+03
-4.424621271471179170e+03
-5.485438033756021468e+03
-5.214670250592248522e+03
-4.963558511902044302e+03
-5.710802465244865743e+03
-5.146113057182375996e+03
-5.505131315938186162e+03
-5.079596502705425337e+03
-4.840541078874195591e+03
-5.247654265575572026e+03
-4.821740516020218820e+03
-4.961755807532985273e+03
-4.623771363566862419e+03
-5.517582837796338936e+03
-5.042975498065147804e+03
-5.005402713107867385e+03
-4.767560108136653071e+03
-5.353751933426222422e+03
-5.391337233594411373e+03
-4.912373827167589297e+03
-5.515306658992606572e+03
-5.262155421018548623e+03
-5.315796376278402022e+03
-5.169035116886384458e+03
-5.123690074589985670e+03
-4.819569052991359058e+03
-4.959622901159594221e+03
-4.717244822387772729e+03
-5.672639400433867195e+03
-5.207800427595106157e+03
-4.944434332356413506e+03
-5.116789047230176038e+03
-4.840593390419270690e+03
-5.185050361913945380e+03
-4.828105765759265523e+03
-4.679930108485109486e+03
-4.770742039257911529e+03
-4.546229620952242840e+03
-7.355643047915913485e+03
-6.790953639853421919e+03
-6.226264231790932172e+03
-5.661574823728437877e+03
-5.272571005335576046e+03
-5.295953311065502021e+03
-5.253722285561866556e+03
-4.848724525571277809e+03
-5.742587533589853592e+03
-5.635556973652969646e+03
-5.078282021826571508e+03
-4.820659199093557618e+03
-5.105120004050376338e+03
-4.652351082419183513e+03
-5.458914889047144243e+03
-5.197062075301379082e+03
-5.041693927959705434e+03
-5.529434019531259764e+03
-5.073806626866109582e+03
-4.846543483724394719e+03
-4.818653145797186880e+03
-4.545783480503267128e+03
-5.472473156652607940e+03
-5.168069469559727622e+03
-5.220718078471738409e+03
-4.745715544042395777e+03
-4.932546264390981378e+03
-4.693128133756426905e+03
-4.490734321111985992e+03
-4.685945575155125880e+03
-4.445577271808348996e+03
-4.800798165771077038e+03
-5.318333253249792506e+03
-4.939342590342957010e+03
-5.099391567009462051e+03
-4.844333557931566247e+03
-4.444714282641925820e+03
-5.081030660599415569e+03
-4.627827961844195670e+03
-4.581580624683942915e+03
-5.394709706131314306e+03
-4.933189729010347946e+03
-5.559393225437306683e+03
-5.104713179632305582e+03
-5.486706468639988088e+03
-5.126529808835453878e+03
-5.162667654927665353e+03
-5.099865713598544971e+03
-4.897906589597800121e+03
-5.248353112754038193e+03
-4.799350228288616563e+03
-5.267015121789792829e+03
-4.740041386411046915e+03
-4.903019953417890974e+03
-4.706050581089869411e+03
-4.908921918001570702e+03
-4.550531342913242042e+03
-4.750117199927116417e+03
-4.517016754082542320e+03
-4.832603722478585041e+03
-6.292761105432520708e+03
-5.831563668343841528e+03
-5.370046368815173082e+03
-5.190728223180949499e+03
-5.503358269852433295e+03
-5.459833097360056854e+03
-5.494587846860891659e+03
-5.043159028534580102e+03
-4.842944143296419497e+03
-5.005430209177005054e+03
-6.002161542279212881e+03
-5.501073122905147102e+03
-5.264205400601258589e+03
-4.916029011158403591e+03
-4.817310789569105509e+03
-5.159920371302157037e+03
-4.807092077096667708e+03
-4.463039601353664693e+03
-5.111308019912765303e+03
-4.937978119370388413e+03
-4.989516305233013554e+03
-4.424826897170523807e+03
-4.975368205386739646e+03
-5.029449260908249926e+03
-4.578322060440275891e+03
-4.525524135801032571e+03
-4.883572074029718351e+03
-5.182158457951283708e+03
-5.103738915087124042e+03
-4.849926651369092724e+03
-4.807391258238717455e+03
-4.645764779917428314e+03
-4.520260164096624067e+03
-5.295365258988835194e+03
-4.891954116628347037e+03
-4.771186449867497686e+03
-4.430741641908315614e+03
-4.583183794606557058e+03
-4.841940017161541618e+03
-4.602755086553838737e+03
-4.856894296443942039e+03
-4.902320709057601562e+03
-4.591788159144713063e+03
-5.774900864828571684e+03
-5.604232234464291651e+03
-5.376619464571967910e+03
-5.831799342327991326e+03
-5.267109934265498850e+03
-4.917126306153755650e+03
-5.057647603995497775e+03
-4.812428171751640548e+03
-5.137453492166792785e+03
-4.667568591216415371e+03
-4.759963592695155057e+03
-5.138187175315712011e+03
-4.793263243362194771e+03
-4.437418815577754685e+03
-4.522713723592157294e+03
-5.612059979384441249e+03
-5.047370571321949683e+03
-4.970766737651581934e+03
-4.879151128432653422e+03
-4.771722783408802570e+03
-4.908531599201657627e+03
-4.442920841933644624e+03
-6.048969216279499960e+03
-5.484279808217008394e+03
-5.024137300426913498e+03
-4.782497583042165388e+03
-5.363125674519322274e+03
-4.898158474631618446e+03
-4.675824966850434976e+03
-5.109364524043432539e+03
-4.862231270837939519e+03
-4.716513785571089102e+03
-5.359985612280947862e+03
-4.960635472210864464e+03
-4.956440473564112835e+03
-5.192671672245664013e+03
-4.861093376329326929e+03
-4.804544859261150123e+03
-4.654287865937442803e+03
-4.913995290842616669e+03
-4.584731487266819386e+03
-4.771690782147576101e+03
-4.646430202168084179e+03
-4.768911582139554412e+03
-4.337647000892407050e+03
-6.277679538662784580e+03
-5.712990130600284829e+03
-5.657131407749904611e+03
-5.204186285497597055e+03
-4.738901077566675667e+03
-5.245739408315453147e+03
-4.759149050012114458e+03
-4.583177328804886201e+03
-5.622873261462362279e+03
-5.436693051187328820e+03
-4.970360832110744013e+03
-5.627149035971896410e+03
-5.062531852990300649e+03
-4.759398954291470545e+03
-4.781480852319898077e+03
-4.738070129351937794e+03
-5.360978031986621318e+03
-4.904247903654202673e+03
-4.877669366957487000e+03
-4.604881798279118811e+03
-4.520366608384027131e+03
-4.893725345917117920e+03
-5.487347360874193328e+03
-4.922657952811709947e+03
-5.177074147117775283e+03
-4.829033159715192596e+03
-4.877552583631384550e+03
-5.065317921203059086e+03
-4.613835437974783417e+03
-5.384748794656622522e+03
-5.369436184643887827e+03
-5.002829207220350327e+03
-4.836348837532365906e+03
-4.517715885177709424e+03
-4.375606936400759878e+03
-5.551023843734275943e+03
-5.373973405750041820e+03
-4.819975033146580245e+03
-5.486157721731289712e+03
-4.937936101289107683e+03
-4.668456703326077331e+03
-5.475467769923859123e+03
-5.109467923691919168e+03
-4.854633935214580561e+03
-4.876178412802011735e+03
-5.821570455391829455e+03
-5.256881047329337889e+03
-4.692433604628478861e+03
-5.102267056599125681e+03
-4.650005054021206888e+03
-4.761974636503555303e+03
-4.865940163852962542e+03
-4.565001964569981283e+03
-5.263192364611617450e+03
-5.069539431710243662e+03
-4.826441518665085823e+03
-4.821316470277416556e+03
-4.482777461186378787e+03
-5.388367690123199282e+03
-4.888583345938231105e+03
-4.545791910254304639e+03
-5.548308284151883527e+03
-5.181558998962049372e+03
-5.127578150240427931e+03
-4.997001451241859286e+03
-4.643414816062166210e+03
-5.163840269426253144e+03
-4.930168380380441704e+03
-5.375969912059117632e+03
-4.834854711592556669e+03
-4.683794523125812702e+03
-4.675116819981551089e+03
-4.826240785764971406e+03
-4.849229095526259698e+03
-4.788149027230654610e+03
-4.432743452533933123e+03
-5.430410617376428490e+03
-4.961972869932435970e+03
-4.538537566693205008e+03
-5.190913470211155982e+03
-4.829789396395508447e+03
-5.558560239789730986e+03
-5.220287295167093362e+03
-5.108665354662451136e+03
-5.054992528077840689e+03
-4.781588633107793612e+03
-5.179896815635216626e+03
-5.397190039104976677e+03
-4.832500631042486020e+03
-4.764040995024048243e+03
-5.116797889153538563e+03
-5.160802229712340704e+03
-5.357478495412731718e+03
-5.114163942400924498e+03
-4.879544850611763650e+03
-5.385213004960093713e+03
-5.068165966173003653e+03
-4.880537035201823528e+03
-4.552245843130371213e+03
-5.205355310597290554e+03
-4.646593067110678021e+03
-4.778185560771818928e+03
-4.699959833484062074e+03
-4.916949697573094454e+03
-5.088830957031706021e+03
-4.945722922862043561e+03
-4.589465971564473875e+03
-4.868254357567716397e+03
-5.007363480616408197e+03
-4.660830407228260810e+03
-5.712507269947176610e+03
-5.254386774666651036e+03
-4.798437522149961296e+03
-4.711197224400113555e+03
-4.829219034233547063e+03
-5.143086098123880220e+03
-4.642492309596369523e+03
-5.394158243546941776e+03
-5.120489035871539272e+03
-4.872409010676687103e+03
-4.748965873804589137e+03
-7.560637798022300558e+03
-6.995948389959802626e+03
-6.431258981897313788e+03
-5.944958091948878064e+03
-5.471922573724266840e+03
-5.476676986310792017e+03
-5.117452566540455337e+03
-5.166358517388087421e+03
-5.029524136525751601e+03
-5.115371217425075884e+03
-5.917257420583571729e+03
-5.477979377465675498e+03
-5.301547945968545719e+03
-5.110431342231653616e+03
-4.866455342009863671e+03
-4.725817790697458804e+03
-5.511573912427465984e+03
-4.948144851800441756e+03
-4.701569960958568117e+03
-5.146776288198308066e+03
-4.902905126458005725e+03
-4.775874291883599653e+03
-5.271387622567512153e+03
-5.371183830265847064e+03
-4.836960648478981966e+03
-4.669775568502954229e+03
-4.832056183768538176e+03
-4.471171267442572571e+03
-5.189613834223875529e+03
-4.625118708734433312e+03
-5.103999028025929874e+03
-4.883237275713954659e+03
-4.509377521366082874e+03
-4.970347285890741659e+03
-5.056962010016024578e+03
-4.713308356374415780e+03
-4.997193450152154583e+03
-4.573494448437575556e+03
-4.963699154080730295e+03
-5.395966166682667790e+03
-5.669148906446956971e+03
-5.104829079263561653e+03
-5.085009277976063458e+03
-4.893086015354833762e+03
-5.803371398539402435e+03
-5.339750511343365361e+03
-5.713628070352076065e+03
-5.258474223137098306e+03
-4.982261519783814947e+03
-4.784007469173280697e+03
-4.933988791538969053e+03
-5.507795034292854325e+03
-5.049721062871700269e+03
-4.925985061737535943e+03
-4.973289743940978042e+03
-4.539327521811266706e+03
-7.682952704989478661e+03
-7.118263296926991643e+03
-6.553573888864504625e+03
-5.999551701582038731e+03
-5.636736752696840995e+03
-5.387774737131410802e+03
-5.869433901983797114e+03
-5.313552321456679238e+03
-5.267170825493425582e+03
-4.919578845547427591e+03
-5.019568385940600820e+03
-4.664496236287461215e+03
-4.573939584154178192e+03
-4.886172892967335429e+03
-4.821810133704135296e+03
-4.689993945442306540e+03
-4.544354126725249444e+03
-4.605866055566746581e+03
-4.767914499437504674e+03
-5.081628038285460207e+03
-4.649859332672438541e+03
-4.226858333929303626e+03
-5.558748585410698979e+03
-5.182218038708366294e+03
-4.827211982527755026e+03
-5.324988377980939731e+03
-5.022383378557477954e+03
-4.831914252212758583e+03
-4.833741148050832635e+03
-4.903597016572587563e+03
-4.436174321000796226e+03
-4.811748094904171012e+03
-4.662908224765305931e+03
-4.391861143322910721e+03
-4.844753568059481040e+03
-5.067011864070396769e+03
-4.993565657926502354e+03
-4.875844300593056687e+03
-5.283073874127150702e+03
-4.818164436758943339e+03
-4.780433757600037097e+03
-5.046521517430539461e+03
-4.848666389416524908e+03
-5.267507474701069441e+03
-4.702818066638579694e+03
-4.839688011197652486e+03
-5.219627778815581223e+03
-4.927843869767859360e+03
-5.024310892590506228e+03
-4.685247937745180025e+03
-5.409529953098517581e+03
-5.162185110578971035e+03
-5.157509288292960264e+03
-4.707721833341145611e+03
-5.133490033893667714e+03
-5.058410413152163528e+03
-5.100077483479724833e+03
-4.717074136645398539e+03
-4.566619062722202216e+03
-5.798465012847110302e+03
-5.233775604784626921e+03
-4.867621820889654373e+03
-5.029375104577121419e+03
-4.592009898370618430e+03
-4.996934606067470668e+03
-4.748304785178284874e+03
-5.412518774621598823e+03
-4.849944848548504524e+03
-4.926916461573701781e+03
-4.602628481739345261e+03
-4.732826476169922898e+03
-5.049053223569288093e+03
-4.680803004827359473e+03
-4.662238223640830256e+03
-4.578316799114580135e+03
-5.064402157074253410e+03
-4.796402874099790097e+03
-4.315063101733897383e+03
-4.243179944996969425e+03
-4.532936910332825391e+03
-5.025006135760462712e+03
-5.699794365893712893e+03
-5.135104957831219508e+03
-4.832698289949829814e+03
-5.600814599687095324e+03
-5.036125191624605577e+03
-5.740388370921822570e+03
-5.380320815044425217e+03
-4.918773126830291403e+03
-4.615285866929239091e+03
-5.239650883686334055e+03
-4.851772765406169128e+03
-4.730085436121521525e+03
-4.599801490193211066e+03
-6.064095966498009147e+03
-5.594062211618755100e+03
-5.139274629547559016e+03
-5.560482184426833555e+03
-4.998376893612375170e+03
-5.041662546123867287e+03
-4.952002913382688348e+03
-4.608209400408184592e+03
-4.982723648534585664e+03
-4.967086289760505679e+03
-4.916601539529778165e+03
-4.923027890102962374e+03
-4.484039058925941390e+03
-4.428086227278879960e+03
-5.553483658829305568e+03
-5.091126133426926572e+03
-4.534557569443421016e+03
-4.471010729945341154e+03
-6.076313957502709854e+03
-5.530193467219904960e+03
-4.983178986212078598e+03
-4.698810410039247472e+03
-4.487389206847712558e+03
-4.751194228930113240e+03
-4.518355251358749229e+03
-5.125015205814630463e+03
-4.609260341830198740e+03
-5.764334761867801717e+03
-5.199889188868077326e+03
-4.853331248449644590e+03
-5.088256247537213312e+03
-5.106423197387527580e+03
-4.631420662958191315e+03
-4.387066484157889136e+03
-4.529402935804772824e+03
-4.756372391988801610e+03
-4.312085026053919137e+03
-4.995347561963362750e+03
-4.619579126018970783e+03
-4.079541214546165975e+03
-5.941211870443878979e+03
-5.639621741991055387e+03
-5.187286049950766028e+03
-4.936710891300906042e+03
-5.170830998657032069e+03
-5.002728686058446328e+03
-5.105323374892449465e+03
-4.968872614470128610e+03
-5.684769309248144054e+03
-5.129849604880024344e+03
-5.185736977400983960e+03
-4.950827381040966429e+03
-5.371822445814567800e+03
-5.347118601586009390e+03
-5.008692865126152356e+03
-4.773956725053240916e+03
-4.684145687858016572e+03
-4.770148673261625845e+03
-4.529199341935726807e+03
-5.636661793144510739e+03
-5.091964038483471086e+03
-4.764866480785267413e+03
-5.380552061679431063e+03
-4.860246437991358107e+03
-4.406045740307364213e+03
-5.099061745360857458e+03
-4.561742626778119302e+03
-4.423765606415221555e+03
-5.823389234626913094e+03
-5.258699826564417890e+03
-4.802577855477350568e+03
-5.109175902752569527e+03
-4.815214409118583717e+03
-4.781897525466061779e+03
-5.143178941246897921e+03
-4.837911347745829516e+03
-6.113812938160591330e+03
-5.549123530098104311e+03
-5.118476458490045843e+03
-4.974507352623213592e+03
-5.935183667037105806e+03
-5.370494258974620607e+03
-5.362671386019341298e+03
-4.802431049512135360e+03
-5.375891003512104362e+03
-5.004956121490433361e+03
-4.825681224536652735e+03
-4.984634088729277209e+03
-4.419950402299762573e+03
-5.104362416375269277e+03
-4.539673008312778620e+03
-4.500905069630339312e+03
-4.557349315610899794e+03
-4.292034961495226526e+03
-4.783357568774403262e+03
-5.314504087908318979e+03
-5.205559503074131499e+03
-5.057010747522899692e+03
-4.903968182789541970e+03
-5.032180828433754868e+03
-4.870680712861614666e+03
-4.507366144486657504e+03
-5.143695087143953060e+03
-4.579005679081463313e+03
-5.198320514508501219e+03
-4.635334418302599261e+03
-5.112497778439485046e+03
-4.770460014485090142e+03
-4.634824435316362724e+03
-4.799010710988739447e+03
-4.982269734397874345e+03
-5.003056310984108677e+03
-4.571658381258679583e+03
-4.912639592339568480e+03
-4.866671506129385307e+03
-5.613776873756070927e+03
-5.057219473491741155e+03
-4.824708542731124908e+03
-4.616686554726367831e+03
-4.559622489206617502e+03
-5.343743604598748789e+03
-4.872131007316324030e+03
-4.891439892982301899e+03
-5.159336663234049411e+03
-4.669092547778069275e+03
-4.276188078281797061e+03
-4.930331048454258053e+03
-4.906050830753312766e+03
-5.786206027405471104e+03
-5.228759622385788134e+03
-4.976074210762822986e+03
-5.147501656178663325e+03
-4.731050535301990749e+03
-4.780933680239524620e+03
-4.672657088579180709e+03
-4.800811299668968786e+03
-4.459520071075878150e+03
-4.817649580578834502e+03
-4.485657956019651465e+03
-4.449141441684642814e+03
-4.887230906759260506e+03
-4.425244683381390132e+03
-5.008275114335579019e+03
-4.544039595399821337e+03
-4.585376860221051174e+03
-4.091129919751590023e+03
-6.545488006685809523e+03
-5.980798598623302496e+03
-5.416109190560818206e+03
-5.103705962401589204e+03
-5.186949853258198345e+03
-4.941191536672631628e+03
-4.779091274881952813e+03
-4.766068270919503448e+03
-4.920901406972958284e+03
-4.800516172492382793e+03
-5.803766354613929252e+03
-5.239076946551437686e+03
-5.119532106511249367e+03
-4.986466201226096018e+03
-4.773055558916127666e+03
-5.344079995198729193e+03
-4.954700521739352553e+03
-5.296334551133348214e+03
-5.161950051155270558e+03
-5.238671309781492710e+03
-5.307470775843953561e+03
-4.975818517797182722e+03
-5.023560378504372238e+03
-4.666437458688318657e+03
-4.964009976061652196e+03
-4.815493709796432086e+03
-4.452211160109933189e+03
-5.269182784419995187e+03
-4.853256974506746701e+03
-5.476853695162562872e+03
-5.723720820515951345e+03
-5.159031412453454323e+03
-5.680333811665533176e+03
-5.115644403603038882e+03
-5.157914446404559385e+03
-5.004384523171193905e+03
-4.939259788542723072e+03
-4.905741358306911934e+03
-4.565691513385027974e+03
-5.451575559871375845e+03
-5.327828899043382989e+03
-4.887198775887889497e+03
-4.733420865173417951e+03
-4.641429920646876781e+03
-5.398385517374510528e+03
-5.257086336619014219e+03
-5.126723694210123540e+03
-5.094374407744151540e+03
-5.099375171077040250e+03
-5.693141565967200222e+03
-5.235874959980453241e+03
-4.795810774130142818e+03
-4.849981786582846325e+03
-4.773162768218810015e+03
-5.170932053536285821e+03
-4.606621772864388731e+03
-5.673410070135602837e+03
-5.108720662073126732e+03
-4.929690363220110157e+03
-4.489142913644199325e+03
-4.249544444177601690e+03
-4.121818994311130155e+03
-6.731503510901247864e+03
-6.166814102838759936e+03
-5.602124694776272918e+03
-5.191935787257516495e+03
-4.732222807818727233e+03
-4.723550843787028498e+03
-4.848000706473015271e+03
-4.913280754382773011e+03
-4.654646522977231143e+03
-4.491147138974859445e+03
-5.105411928467638973e+03
-4.873805717567389365e+03
-4.309395494996757407e+03
-4.803420480749436138e+03
-4.470930728974479280e+03
-4.668991505892962778e+03
-5.721661713136517392e+03
-5.156972305074031283e+03
-4.897547874885985038e+03
-5.774914833052269387e+03
-5.211326239696343691e+03
-5.608023702892219262e+03
-5.527249770087383695e+03
-5.154972146709937078e+03
-5.104398350166631644e+03
-5.429653676372319751e+03
-5.202273158684853115e+03
-5.175682443600980150e+03
-5.801561078987184374e+03
-5.237179844646236234e+03
-5.264890921197069474e+03
-5.030943518813190167e+03
-5.386327441942717996e+03
-5.100435250783788433e+03
-4.762054316800459674e+03
-5.013757283350262696e+03
-5.112212454681428426e+03
-4.658638555679465753e+03
-5.433948659849054820e+03
-5.025016402740671765e+03
-4.788133711090289580e+03
-5.308556555143637524e+03
-4.982671676908274094e+03
-4.868853219555257965e+03
-5.141151712630766269e+03
-5.156995914399785761e+03
-4.951095754492011110e+03
-4.990395669926539995e+03
-5.032854132125676188e+03
-4.846558406187257788e+03
-4.715324136746806289e+03
-5.580577082755413358e+03
-5.015887674692923611e+03
-4.915738197793194558e+03
-4.942484285476699370e+03
-4.901993232779544087e+03
-4.450847397556321084e+03
-5.242333427868628860e+03
-5.567086551088600572e+03
-5.002397143026111735e+03
-5.162983713298068324e+03
-5.213821336420178341e+03
-5.409047166315718641e+03
-5.318645606968575521e+03
-5.189213100833364479e+03
-4.809255165146679246e+03
-4.894457514644969706e+03
-4.958139364772774570e+03
-5.100200234814163196e+03
-4.737171784403459242e+03
-4.591165572061731837e+03
-5.084337180614360477e+03
-4.762159793477459061e+03
-5.351421988695909931e+03
-5.311152367166110707e+03
-4.989951726532228349e+03
-5.855031308734745835e+03
-5.428125673028631354e+03
-5.195303043737560074e+03
-5.693904422018246805e+03
-5.553922275052198529e+03
-5.413620598802417589e+03
-4.989630146011848410e+03
-5.403555910391512953e+03
-5.056801852120748663e+03
-5.126279537885087848e+03
-4.791808141333580352e+03
-5.149885352627014072e+03
-4.585368446949971258e+03
-5.180347477572480784e+03
-5.013295946707989970e+03
-4.752393940635460240e+03
-4.531089966440433273e+03
-5.393514171815142618e+03
-5.011729604154152184e+03
-5.470390246242133799e+03
-5.218202376772564094e+03
-5.133847713067253608e+03
-4.895706066936357274e+03
-5.618346527716325909e+03
-5.273050483546136093e+03
-5.382224951353788128e+03
-5.106636827621693556e+03
-4.973489935908141888e+03
-4.988907763642584541e+03
-5.296827545943618134e+03
-5.079386519533247338e+03
-5.275135417747518659e+03
-4.916283173334675666e+03
-4.707373665662304120e+03
-4.369748448804901273e+03
-4.427744704109913982e+03
-4.414611160692611520e+03
-5.188423845127811546e+03
-4.847834768781793173e+03
-4.819406879728916465e+03
-4.374503056745619688e+03
-4.180059228017006717e+03
-3.935987539999033288e+03
-5.190653940850159415e+03
-4.662216170457120825e+03
-5.430531290202542550e+03
-4.866058138402577242e+03
-5.064379763829653712e+03
-5.542721243418067388e+03
-5.135351005059757881e+03
-5.015224822101195059e+03
-4.748287544540212366e+03
-5.197571556869541382e+03
-5.027718469160355198e+03
-4.749973127407693028e+03
-4.510146216330163952e+03
-4.869931275021250258e+03
-5.083753446569347943e+03
-4.782447483750198444e+03
-4.538896194900116825e+03
-4.998427739217248927e+03
-4.955600376888059145e+03
-5.017668973855232252e+03
-4.684546512139877450e+03
-5.365473692087745803e+03
-5.011049447851836703e+03
-5.250783610326480812e+03
-5.303123605071352358e+03
-5.636263916031623921e+03
-5.287347900552110332e+03
-5.506720775865675023e+03
-5.322623194429002979e+03
-5.074063754458480616e+03
-4.722679152402193722e+03
-5.290279039798943813e+03
-5.049230608132100315e+03
-4.885722416519522085e+03
-5.040558392220096721e+03
-5.157510807086435307e+03
-4.705096605296392227e+03
-4.576296093632090560e+03
-5.474066755664040102e+03
-5.017897535136213264e+03
-5.534200789872124915e+03
-5.112276061370540447e+03
-4.963132943052929477e+03
-4.867298932375268123e+03
-4.930309721275062657e+03
-5.006977817271697859e+03
-5.553459347433985386e+03
-5.198634307229720434e+03
-6.270122410243855484e+03
-5.705433002181370284e+03
-5.729779415784290904e+03
-5.557495504003682072e+03
-5.574252608694607261e+03
-5.153667977941975550e+03
-4.979268751624180368e+03
-4.840024393414393671e+03
-4.833542179942371149e+03
-5.411119570760887655e+03
-5.198312288307341987e+03
-4.766979232628003956e+03
-4.849075582291355204e+03
-4.889609928733401830e+03
-4.962006399225616406e+03
-4.740830701350686468e+03
-5.095804057097540863e+03
-4.750992191817898856e+03
-4.962827279099340558e+03
-4.513667974790859262e+03
-6.574928404650652737e+03
-6.010238996588155715e+03
-5.446722385066948846e+03
-5.198627432224719087e+03
-4.970758056451549237e+03
-5.240897315959336993e+03
-4.810605550132710050e+03
-5.024137610263447641e+03
-5.252988630076492882e+03
-4.927228371541030356e+03
-4.410434974835485264e+03
-4.561336436743920785e+03
-4.239516294617880703e+03
-4.960485093856523235e+03
-4.395795685794029851e+03
-6.363551161931927709e+03
-5.801310917617442101e+03
-5.845656762850408995e+03
-5.427432709926433745e+03
-5.083451561006890188e+03
-5.101054067846620455e+03
-6.020864010412204152e+03
-5.601928730675718725e+03
-5.270120916175430466e+03
-4.705431508112938900e+03
-5.211138527423164305e+03
-4.861275033100659130e+03
-4.808172234308488441e+03
-5.355388637077645399e+03
-5.103740492493443526e+03
-4.824168644200462040e+03
-5.142475060340399068e+03
-4.762935089035694546e+03
-4.938105874943688832e+03
-4.952654159514277126e+03
-4.668388785639341222e+03
-4.948212814335487565e+03
-4.767867938710627641e+03
-5.478703417190508844e+03
-4.914014009128023645e+03
-4.520387767114830240e+03
-6.157664665769459134e+03
-5.682662131340117412e+03
-5.117972723277624027e+03
-4.774145737542925417e+03
-5.220070369563958593e+03
-5.141882369105314865e+03
-4.835775453227346588e+03
-4.904602450351103471e+03
-5.223180526784219182e+03
-5.001541169700906721e+03
-4.844932202281296668e+03
-5.646776526402901254e+03
-5.082087118340414236e+03
-5.701574006998182995e+03
-5.451738033393032310e+03
-4.998969111761838576e+03
-5.559041054812438233e+03
-5.468252547518392021e+03
-5.982160192090111195e+03
-5.511906323580689786e+03
-5.312736526842916646e+03
-5.200523226312265251e+03
-4.954788391992518882e+03
-4.995027840832318361e+03
-5.070192033071411061e+03
-4.719663219515010496e+03
-5.334797005866335894e+03
-5.184858823117492648e+03
-5.033615727522525049e+03
-4.689490639116899729e+03
-4.776784684515921981e+03
-4.640045399537231788e+03
-4.754756691811442579e+03
-4.598822093057841812e+03
-6.973504946595614456e+03
-6.408815538533131985e+03
-5.844126130470634962e+03
-5.279436722408143396e+03
-5.035660873509732482e+03
-4.882351987282033406e+03
-5.465031178836702566e+03
-5.191060487977722914e+03
-5.740612843690799309e+03
-5.278161257696484427e+03
-4.932911203696770826e+03
-4.594656796965110516e+03
-4.558608254749759908e+03
-5.234534349488340922e+03
-4.669844941425851175e+03
-5.411523186876744148e+03
-4.995695110422041580e+03
-5.439605162697239393e+03
-5.311098848097528389e+03
-5.113898800613049389e+03
-4.662499534580301770e+03
-5.310907444187545480e+03
-5.714081541736466534e+03
-5.190348533879464412e+03
-4.850812721002122998e+03
-5.301262448673034669e+03
-5.399072785323998687e+03
-4.845379219045564241e+03
-4.944383700916190719e+03
-4.467814396832414786e+03
-5.451471321485820226e+03
-4.887879560821129417e+03
-4.827977536028203758e+03
-4.422603646091492919e+03
-4.868546299029348120e+03
-4.820027494386717990e+03
-4.369663757080902542e+03
-4.434204799095965427e+03
-5.110557491332723657e+03
-4.649800512964022346e+03
-4.634637982214714611e+03
-4.354986908054661399e+03
-5.141431290051139513e+03
-4.576741881988651585e+03
-4.687180452598642660e+03
-4.619330150656044680e+03
-4.508403413176542017e+03
-4.321023986835999494e+03
-4.616729539202560773e+03
-4.607590307947247311e+03
-4.043853495229744112e+03
-5.872910745151647461e+03
-5.309924808077454145e+03
-5.252210595834643755e+03
-4.884730893451547672e+03
-4.430240680305410024e+03
-6.096688217608720151e+03
-5.533136191717992915e+03
-6.057143708168919147e+03
-5.603467753676754910e+03
-5.320329909154535017e+03
-5.150084360383094463e+03
-4.914715340679324981e+03
-4.781200199782650998e+03
-4.840252832740645317e+03
-5.328446573055953195e+03
-4.763757164993462538e+03
-5.468182939537028687e+03
-4.979932261566639681e+03
-5.231005800768469271e+03
-5.110326964727421000e+03
-4.915753690636474857e+03
-4.887853619900515696e+03
-5.215963447998725314e+03
-5.020512175842764918e+03
-5.252722475944952748e+03
-5.507897762158411751e+03
-5.300037946608668790e+03
-5.259890921203682410e+03
-5.322909232359253110e+03
-5.088843637167397901e+03
-5.105457867800366330e+03
-5.984438832602023467e+03
-5.519572256292669408e+03
-5.030038649993733998e+03
-5.208476827936665359e+03
-4.864378097200784396e+03
-5.204252776297677883e+03
-4.953567441760082147e+03
-4.629627943886722278e+03
-4.565376562783711961e+03
-5.525558297460822359e+03
-5.068807219070149586e+03
-4.613272120362136775e+03
-6.009591416731867866e+03
-5.551097334835127185e+03
-5.446810761151543375e+03
-5.109329444929597230e+03
-5.502290156354527426e+03
-5.026791501235960823e+03
-4.756711386240129286e+03
-5.291523644720644370e+03
-5.257101716037608639e+03
-4.692412307975117074e+03
-6.272770143412475591e+03
-5.708080735349982206e+03
-5.226816832426325163e+03
-4.819537343053496443e+03
-4.753474771696640346e+03
-4.656039647418903769e+03
-4.880407482776548932e+03
-4.964337844404813950e+03
-4.528130227307445239e+03
-4.282463502060235442e+03
-5.046709893127343094e+03
-4.693906513070121946e+03
-4.438138394020035776e+03
-4.755417047551169162e+03
-4.718835485348461589e+03
-4.799365802084575989e+03
-5.360051455432403600e+03
-4.989655290606334347e+03
-5.068269341655424796e+03
-4.811476353345832649e+03
-5.224517959008140679e+03
-5.303781833151407227e+03
-5.020695246332198622e+03
-5.528039938218479620e+03
-5.067990023007978380e+03
-4.604940305436122799e+03
-5.051832505349294479e+03
-4.888193375630933588e+03
-4.439260294952247932e+03
-4.900921556934024920e+03
-5.115982124568063227e+03
-4.992263260903024275e+03
-4.758448111653642627e+03
-4.877301040765765720e+03
-5.399928850147814956e+03
-4.934820068213691229e+03
-4.576543972710156595e+03
-4.712134880268940833e+03
-4.579564473472555619e+03
-5.422102217889036183e+03
-4.958932134588678309e+03
-4.608715691858562423e+03
-5.276219830628371710e+03
-4.891664834468607296e+03
-4.640906248173989297e+03
-5.092501171976349724e+03
-4.639800612291866855e+03
-4.870326740563403291e+03
-4.651519788835088548e+03
-5.016291885700566127e+03
-4.648808522821075712e+03
-4.956424172640377947e+03
-4.590382360593162957e+03
-4.643214585854752841e+03
-5.189161742919430253e+03
-4.664986853739226717e+03
-4.551296648949470182e+03
-5.692364026931125409e+03
-5.236342157406442311e+03
-4.851437776221046079e+03
-4.584558531350465273e+03
-4.409485142583836932e+03
-5.772707808891343120e+03
-5.208018400828859740e+03
-4.749487344412098537e+03
-5.100329347313812832e+03
-4.746890363536711448e+03
-5.317553293954370019e+03
-4.752863885891882092e+03
-4.295639918660363946e+03
-4.229918770599783784e+03
-6.006758790606022558e+03
-5.442069382543528263e+03
-4.877379974481034878e+03
-5.208759806233269046e+03
-4.857683001291880828e+03
-4.693961224243978904e+03
-5.537244895170048949e+03
-5.046774000026889553e+03
-5.273071889310296683e+03
-5.231959061002122326e+03
-5.279483457830928273e+03
-4.931157648013492690e+03
-4.927967390519019318e+03
-5.169932044491632951e+03
-5.210554357227194487e+03
-4.851021085501136440e+03
-4.947635606932108203e+03
-5.119535043157762630e+03
-4.657112863887989079e+03
-4.771216566628809232e+03
-4.629431339981168094e+03
-4.992264091936767727e+03
-5.015490047230678101e+03
-4.650314311331299905e+03
-5.532878885554069711e+03
-9.157896468997976626e+03
-8.593207060935479603e+03
-8.028517652872982580e+03
-7.463828244810494652e+03
-6.938654873270768803e+03
-7.717153321055589004e+03
-7.152463912993103804e+03
-6.587774504930615876e+03
-6.405137122598667702e+03
-5.840447714536175226e+03
-5.876297083541323445e+03
-5.404167936044897942e+03
-5.675868792623927220e+03
-5.434604154824404759e+03
-6.105914454492451114e+03
-5.541225046429962276e+03
-6.258428919602629321e+03
-5.693739511540143212e+03
-5.345817116030590114e+03
-5.201627587688712083e+03
-5.477711662365466509e+03
-5.737127186825405261e+03
-5.255597080146389999e+03
-5.749943939266110647e+03
-5.494750089581380962e+03
-5.036834903906455111e+03
-4.546454757431936741e+03
-4.469070581861414212e+03
-5.890992629596779807e+03
-5.326303221534291879e+03
-6.050560425570260122e+03
-5.800891452366600788e+03
-5.422414022553198265e+03
-5.491797616571400795e+03
-5.132514559988730980e+03
-5.072176624133301630e+03
-5.507552835231008430e+03
-5.647426664207667272e+03
-5.985683370665699840e+03
-5.630844131306680538e+03
-5.184471701303764348e+03
-4.938954022992080354e+03
-4.727671005700962269e+03
-5.287202794020624424e+03
-5.137491373487570854e+03
-4.868255743499635173e+03
-5.196742788292529440e+03
-5.531255915300220295e+03
-5.176151852801657697e+03
-5.127453652366332790e+03
-5.105388823897612383e+03
-4.962027020334257941e+03
-5.834369465607504026e+03
-5.297416948630047045e+03
-5.736935814042853963e+03
-5.173288935834056247e+03
-5.041476685020726109e+03
-5.154479815042825066e+03
-4.801706583894636424e+03
-5.164034590270326589e+03
-5.457039128366033765e+03
-4.995751527063972389e+03
-5.233213294244648750e+03
-5.157190204753388571e+03
-4.851367684363282933e+03
-4.809643184636755905e+03
-5.937782436733039503e+03
-5.418852713937069893e+03
-5.183781578972825628e+03
-5.375436184522493022e+03
-5.206287497569670450e+03
-4.915016288819077090e+03
-4.686242277132373601e+03
-5.656032297566534908e+03
-5.198792760486694533e+03
-5.323861621421276141e+03
-5.705197406831389344e+03
-5.740510916826142420e+03
-5.308940266068777419e+03
-5.282308105329748287e+03
-5.029393964908623275e+03
-4.995547280948156185e+03
-5.254763842692160324e+03
-5.014654900939780418e+03
-5.135676110987029460e+03
-5.286642806457247389e+03
-5.068090464902860731e+03
-4.532041179380071299e+03
-4.871757657948559427e+03
-4.519974803320239516e+03
-4.006131337414254176e+03
-4.965184533426796406e+03
-4.919127397371253210e+03
-5.078711948205175759e+03
-4.819744105933370520e+03
-4.608657733136013121e+03
-4.562679244709052000e+03
-4.915941584979844265e+03
-4.896470130827637149e+03
-4.847419447014142861e+03
-5.185422933018587173e+03
-5.045211760303767733e+03
-6.144916083274168159e+03
-5.580397168339102791e+03
-5.536766446865758553e+03
-5.227688139814082206e+03
-5.084834552701345274e+03
-5.590378263226195486e+03
-5.691217535065491575e+03
-5.339637083802895177e+03
-4.870030277752695838e+03
-5.010383277488368549e+03
-5.450708990453854312e+03
-5.098798063851502775e+03
-4.534711041158487205e+03
-4.798442669976730031e+03
-4.749584300798356708e+03
-5.361747983683677376e+03
-5.007470766081225520e+03
-5.569291164085846503e+03
-5.111779845416765056e+03
-5.060150960338575715e+03
-4.823447606593304045e+03
-5.406406350221346656e+03
-4.948361675901315721e+03
-5.514515213766800116e+03
-5.569928366834326880e+03
-5.023634614373958357e+03
-4.996788207368980693e+03
-5.282460639729889408e+03
-4.950218482162134933e+03
-4.690744703552055398e+03
-5.067041042341783395e+03
-4.609817173982170971e+03
-5.310334102693781460e+03
-4.745644694631291713e+03
-5.009172689929302578e+03
-5.078765560331348752e+03
-4.983190158757810423e+03
-4.914141624269112071e+03
-4.870448291416931170e+03
-4.831796795450847640e+03
-4.797107016804022351e+03
-4.675662463069776095e+03
-5.976045734318906398e+03
-5.416176028561024395e+03
-5.142801408468619229e+03
-5.457929750108539338e+03
-4.900564675546288527e+03
-5.017059028382604083e+03
-5.216858451468110616e+03
-4.778862278690397034e+03
-5.016783379602085006e+03
-4.913192280768009368e+03
-4.802753556521078281e+03
-4.718455053372010298e+03
-4.524101892910396600e+03
-4.540819485964784690e+03
-5.458248204642657583e+03
-5.493369730491227529e+03
-5.559953607941997689e+03
-4.995264199879509761e+03
-4.922669318085083432e+03
-5.083450638682824319e+03
-4.841420044524749756e+03
-5.959181532268872616e+03
-5.394492124206387416e+03
-5.206189877515708758e+03
-5.804604243129826500e+03
-5.333301864657252736e+03
-5.192286430770942388e+03
-4.948732411336384757e+03
-6.027478016575861147e+03
-5.462788608513365944e+03
-5.603359396240455681e+03
-5.131963779536819857e+03
-5.396608603617372864e+03
-5.247530678876659294e+03
-5.373120582728421141e+03
-4.914614547440049137e+03
-4.676607585084579114e+03
-4.799459626983608359e+03
-4.982521367824075242e+03
-5.125689119678343559e+03
-5.044059784923110783e+03
-5.213943169603720889e+03
-4.888356171655943399e+03
-4.342065402768703279e+03
-6.373994477304557222e+03
-5.809305069242076570e+03
-5.804104683180486973e+03
-5.246101286684097431e+03
-5.610156658567413615e+03
-5.651241602924532344e+03
-5.196748225817278581e+03
-5.292240912012793160e+03
-5.133194312171581259e+03
-6.166037020766678324e+03
-5.712124219462080873e+03
-5.467409508963542976e+03
-5.122947468164453312e+03
-5.064202871609273643e+03
-4.610119059967089925e+03
-5.608943992229857031e+03
-5.509137303901675295e+03
-5.352733673665012248e+03
-4.987146445145414873e+03
-5.113825476521449673e+03
-4.666270209024039104e+03
-4.684642304957082160e+03
-5.074801714514089326e+03
-5.158090399072239961e+03
-5.069545520519473939e+03
-5.622471466237384448e+03
-5.058368272888945285e+03
-5.100122446130932076e+03
-4.756152331420285918e+03
-5.669034415417818309e+03
-5.104641230716321843e+03
-5.262957297214760729e+03
-5.024262229570798809e+03
-5.030292917008816403e+03
-4.656661524027673295e+03
-5.987169784524018723e+03
-5.422480376461525339e+03
-5.169808125804780502e+03
-5.411694910666425130e+03
-5.085404364674373937e+03
-5.280516989509450468e+03
-4.829738116278029338e+03
-5.553846336827655250e+03
-5.914020640622593419e+03
-5.540260188731684138e+03
-5.666244129882064044e+03
-5.164331776022740087e+03
-5.207567365398785114e+03
-5.737533965718404033e+03
-5.281206097876583954e+03
-5.861060416384025302e+03
-5.357643571589752355e+03
-4.999792264828771295e+03
-5.037062623114474263e+03
-5.558443150516035530e+03
-4.993753742453543964e+03
-4.857020421727938810e+03
-4.785222427969954879e+03
-5.915761953693028772e+03
-5.351072545630540844e+03
-5.727583514156878664e+03
-5.276720014516984520e+03
-4.922705375296042803e+03
-4.586539864358845080e+03
-4.608365331606716609e+03
-5.636186987649281946e+03
-5.071497579586792199e+03
-5.192877882105596655e+03
-4.893825310376780180e+03
-4.643741410598674520e+03
-4.593072528326297288e+03
-4.460883338858853676e+03
-4.547059383641420936e+03
-4.954929539901842872e+03
-4.566882738390346276e+03
-5.439686517702411948e+03
-4.980590879929304720e+03
-5.235696011603457919e+03
-4.988333712028575974e+03
-5.560991006516174821e+03
-5.710365649586071413e+03
-5.145676241523572571e+03
-5.120840495607555567e+03
-4.570709293597756187e+03
-5.019239402559584050e+03
-5.240570451310915814e+03
-5.009110007928455161e+03
-5.407885996256449289e+03
-4.843315477185449708e+03
-4.825806645890564141e+03
-5.559871235005870403e+03
-5.286954926883818189e+03
