-9.438065291124929646e-01
-9.840481910684002465e-01
-9.715234595816846230e-01
-9.662238552854720552e-01
-9.570820378745054091e-01
-9.577974844544940858e-01
-9.512348078010175456e-01
-8.399077868852459217e-01
-9.172908422837761089e-01
-9.881818824194460449e-01
-8.898830553985302982e-01
-9.460235302430751725e-01
-9.357069672131147486e-01
-9.811069106840022425e-01
-9.928013708309779695e-01
-9.687941633691351528e-01
-9.087143159977388862e-01
-9.762489400791407590e-01
-9.599703222159412519e-01
-7.652275296777840685e-01
-9.007914075749010596e-01
-7.755882560768796452e-01
-9.672749434708874938e-01
-9.911673261729790907e-01
-8.098148671565856827e-01
-9.081931882419446156e-01
-9.850551158846806432e-01
-9.454140757490107072e-01
-8.618128179762577501e-01
-8.761040842283775998e-01
-9.605002826455624199e-01
-9.247191209723006899e-01
-9.074689089881289306e-01
-7.302236433013001848e-01
-9.558807942340304953e-01
-9.629822639909553228e-01
-9.033617156585641572e-01
-9.159306105144149335e-01
-9.446897964951950222e-01
-8.989188807235726220e-01
-8.643124646693046698e-01
-9.885793527416619764e-01
-9.105780101752402045e-01
-9.400614754098360892e-01
-8.974879875635952686e-01
-9.098625635952515278e-01
-9.469862916902204164e-01
-9.102512012436404509e-01
-9.058348643301300518e-01
-9.007649095534200345e-01
-9.125741944601469813e-01
-6.744188100621820725e-01
-9.339492651215376418e-01
-8.864383126059920404e-01
-9.957161531938948373e-01
-9.027522611644996919e-01
-9.260705200678349680e-01
-9.199053137365743593e-01
-9.867774872809497166e-01
-9.792697145279819493e-01
-9.333928066704352267e-01
-9.253374081401921636e-01
-9.097742368569813332e-01
-9.086259892594685805e-01
-7.361327020915771069e-01
-9.635917184850197881e-01
-8.858995195025438640e-01
-9.375441633691351528e-01
-9.800558224985868039e-01
-8.276833663086489157e-01
-8.959069389485585511e-01
-7.362916902204635905e-01
-9.815043810062181739e-01
-9.710641605426795220e-01
-9.914676370830978192e-01
-9.340905879027698866e-01
-9.450519361221029202e-01
-9.222194742792537703e-01
-9.669922979084228931e-01
-9.850197851893724987e-01
-9.059850197851894160e-01
-9.748003815715092779e-01
-8.984949123798756654e-01
-9.141199123798756654e-01
-9.617191916336913504e-01
-9.662326879592990636e-01
-9.553420011305822079e-01
-9.540965941209722523e-01
-9.708080130016958353e-01
-9.386924109666477944e-01
-9.948063877897117546e-01
-8.234260175240248891e-01
-9.650844403617863110e-01
-9.059850197851894160e-01
-9.052960712266817644e-01
-9.499540700960994455e-01
-9.257172131147540783e-01
-9.766552430751836988e-01
-9.215305257207462297e-01
-8.980532786885245811e-01
-9.552978377614471661e-01
-9.898512577727529571e-01
-9.674250989259468581e-01
-9.934814867156586127e-01
-9.933224985867722401e-01
-7.970693188241944060e-01
-9.643778264556246427e-01
-9.520650791407574420e-01
-8.728006642170718088e-01
-9.641923403052572450e-01
-9.171053561334087112e-01
-9.883232052006784008e-01
-9.672042820802713159e-01
-9.182889344262294973e-01
-8.627579140757489773e-01
-8.763425664217071587e-01
-9.890474844544940858e-01
-9.133956331260598693e-01
-8.828875777275296821e-01
-9.082285189372526490e-01
-9.510934850197851897e-01
-8.608323911814584894e-01
-9.040153335217636643e-01
-9.738199547767100173e-01
-9.690768089315997535e-01
-8.672095816845675209e-01
-8.838061758055398842e-01
-8.979561192764273780e-01
-9.923950678349350296e-01
-9.383656020350480409e-01
-9.848166336913510843e-01
-9.170788581119276861e-01
-9.439566845675523288e-01
-9.358747880158281296e-01
-9.894096240814018728e-01
-9.821579988694177921e-01
-9.979331543244771563e-01
-9.486203363482192952e-01
-9.616838609383833170e-01
-8.755211277557942706e-01
-9.453787450537026738e-01
-7.702974844544940858e-01
-8.667591153193895392e-01
-8.758921000565290660e-01
-9.864418456755228437e-01
-9.959811334087055323e-01
-9.533723148671565673e-01
-9.751890192198982010e-01
-9.732634963256077132e-01
-9.674250989259468581e-01
-9.679638920293951454e-01
-9.628586065573770947e-01
-9.943205907292255175e-01
-9.439655172413793371e-01
-9.616308648954211558e-01
-9.569230497456190365e-01
-8.502950113058225234e-01
-9.243923120407009364e-01
-9.747473855285472277e-01
-9.723802289429055445e-01
