-9.438031945901830255e-01
-9.839952515713271675e-01
-9.716436841305676753e-01
-9.664995530682833902e-01
-9.571722824608448477e-01
-9.575114559374789946e-01
-9.510954243378167972e-01
-8.396416066930232347e-01
-9.171144816475351735e-01
-9.881430605459986527e-01
-8.894294466172745217e-01
-9.462268717252977357e-01
-9.359527418289222966e-01
-9.812112026172886692e-01
-9.927642991651386417e-01
-9.690716185994254772e-01
-9.091227066043435778e-01
-9.759328153871700273e-01
-9.595888934818630478e-01
-7.652495574846046589e-01
-9.007846919704212141e-01
-7.756226129783317935e-01
-9.672697595048067587e-01
-9.908988450436508888e-01
-8.095894234404202860e-01
-9.086492769598750741e-01
-9.851540942831603642e-01
-9.450256323288852567e-01
-8.618857338689447367e-01
-8.759614331492611150e-01
-9.608961245897237324e-01
-9.251203889189199003e-01
-9.079285333220274978e-01
-7.309011768613027371e-01
-9.558085224402118607e-01
-9.628746365367562010e-01
-9.037453937768733514e-01
-9.159203083652192046e-01
-9.448277811341819765e-01
-8.991382873859263825e-01
-8.638783780441702254e-01
-9.885952918481775153e-01
-9.103592765712388291e-01
-9.400793524613041408e-01
-8.974989489155281719e-01
-9.099282436113496075e-01
-9.475341028331584203e-01
-9.102320865175009823e-01
-9.057097734957126889e-01
-9.006787002589731195e-01
-9.130020032433463495e-01
-6.750011482435407384e-01
-9.334796018951317942e-01
-8.859034556830989171e-01
-9.956967365152045168e-01
-9.021272536487646709e-01
-9.267243968188354497e-01
-9.198702661451874096e-01
-9.869912839482619660e-01
-9.794588063213456319e-01
-9.331969573312700605e-01
-9.253253062277196905e-01
-9.099565080677357587e-01
-9.083666323960133404e-01
-7.360947707222628145e-01
-9.635317851477347428e-01
-8.856278772333336935e-01
-9.382774933666854222e-01
-9.802360788719655105e-01
-8.278199978095046596e-01
-8.961493211230882050e-01
-7.370133655548135598e-01
-9.817906239732052676e-01
-9.714882296204436773e-01
-9.912662829766711869e-01
-9.343204694726205961e-01
-9.450609628993679179e-01
-9.219618359177645939e-01
-9.668245943167244061e-01
-9.848361191488158584e-01
-9.061620047978914405e-01
-9.750283527828124130e-01
-8.981702297546998448e-01
-9.144222921767517498e-01
-9.622740168385498505e-01
-9.664712886118972390e-01
-9.553209605675503369e-01
-9.539854650033033900e-01
-9.705555025596998009e-01
-9.382845594807819323e-01
-9.949406623068742794e-01
-8.236792549489296844e-01
-9.652064541886158366e-01
-9.061337403415052894e-01
-9.050667571129270561e-01
-9.502545567603279952e-01
-9.253747690263954828e-01
-9.765899639981486802e-01
-9.220042326023438761e-01
-8.972092382375698172e-01
-9.548969937217576254e-01
-9.898106634727831254e-01
-9.671567016792620430e-01
-9.932730593800898067e-01
-9.934285138902138046e-01
-7.967573602410957800e-01
-9.643514543829339036e-01
-9.519009613448228269e-01
-8.729583346582296954e-01
-9.641324048459410934e-01
-9.172063411307902481e-01
-9.880865316332262394e-01
-9.674676106995099278e-01
-9.186054317219060072e-01
-8.628537915001713854e-01
-8.759543670351644939e-01
-9.889556636671011924e-01
-9.128324165050293315e-01
-8.836634975144943560e-01
-9.085998141611992818e-01
-9.509823665122720815e-01
-8.613487091976074206e-01
-9.041128317098936495e-01
-9.736928572185654662e-01
-9.692624036800322473e-01
-8.673054433809942454e-01
-8.837977536823287128e-01
-8.974353538886592485e-01
-9.925028529435664382e-01
-9.384824106754852124e-01
-9.848149208065262172e-01
-9.175313823792312640e-01
-9.435700128249970842e-01
-9.360446013121773712e-01
-9.894714899961489785e-01
-9.818259545436880398e-01
-9.978236368582643623e-01
-9.484244332093230145e-01
-9.614543476033508007e-01
-8.753254828805721033e-01
-9.456615825975741574e-01
-7.700262506138686458e-01
-8.675244929179871667e-01
-8.760179620620334173e-01
-9.863694659077659743e-01
-9.959369843944869682e-01
-9.533636469628075094e-01
-9.754947163131842958e-01
-9.733254192855451681e-01
-9.668952554576898395e-01
-9.679269081157853005e-01
-9.624860002614462617e-01
-9.943612409509576811e-01
-9.438243929324726667e-01
-9.615320748584127442e-01
-9.570450924071071119e-01
-8.498168109920470892e-01
-9.243501824823965318e-01
-9.748093032458194918e-01
-9.726117417617942129e-01
