-2.595862754609334022e+00
-3.917354809216541526e+03
-3.352664770184614554e+03
-2.787974731152693039e+03
-2.306709731389057652e+03
-2.275256958979260617e+03
-2.157389513774312945e+03
-2.135533762908962217e+03
-2.417890270790035629e+03
-2.084129268676780612e+03
-2.342685445549413998e+03
-3.188007206937302726e+03
-2.623317167905374390e+03
-2.752499605791499562e+03
-3.332055510266271995e+03
-3.448674464851075754e+03
-2.926762396428810462e+03
-2.853816427245130399e+03
-2.673454095291062458e+03
-2.664348202955273791e+03
-2.628310450047096310e+03
-2.585677588386630305e+03
-2.571855603618165333e+03
-3.824609709454671702e+03
-3.741252030380580436e+03
-3.301437074736370960e+03
-3.089185846128902995e+03
-2.945219509838703743e+03
-2.919445407468288067e+03
-2.902234495203051210e+03
-2.962497804315553367e+03
-4.354449234611174688e+03
-3.873184234847534753e+03
-3.491015218909825307e+03
-3.420829875265618284e+03
-3.142753606953862800e+03
-3.219131169300711008e+03
-3.179799874376822572e+03
-3.443686119789515942e+03
-3.162707737652497599e+03
-3.205414316070884524e+03
-3.177895422186148153e+03
-3.221943224684204779e+03
-3.165975943574511348e+03
-3.261079817037256817e+03
-3.195364018315686735e+03
-3.120427075804798278e+03
-3.162908651636260856e+03
-3.158392654838253748e+03
-3.196683852596050201e+03
-3.176694386190210935e+03
-3.181084425732528416e+03
-3.174539836449712311e+03
-3.158838407183535310e+03
-3.178594176838265412e+03
-3.049729625775472414e+03
-3.077700683575248149e+03
-2.949426658670677170e+03
-2.952471722600726025e+03
-4.291735140704226978e+03
-3.727045101672306373e+03
-3.188719266898939168e+03
-2.970125376922415853e+03
-2.760901143683722694e+03
-3.109219483095742817e+03
-2.914716649745761060e+03
-3.005796104481598377e+03
-2.880227572497652545e+03
-3.287042363510688119e+03
-3.191556493495170798e+03
-3.235315947790404607e+03
-3.316954487924499517e+03
-3.261893149131461541e+03
-3.487764431736344704e+03
-3.360489989029874778e+03
-3.229436918129106743e+03
-3.510230052490637263e+03
-3.386726066007937334e+03
-3.231477406535665978e+03
-3.200673115408754711e+03
-3.219103941217836109e+03
-3.139907844546404704e+03
-3.251766130297067320e+03
-3.243071416757729367e+03
-4.919966409373902025e+03
-4.355276370341987786e+03
-3.892948335484673407e+03
-3.655896217901719410e+03
-3.421505677826376996e+03
-3.560588587600612300e+03
-3.819104171979039165e+03
-3.757434393772886324e+03
-3.536172608640026283e+03
-3.737236769567887677e+03
-3.789498797278828079e+03
-5.203453665132362403e+03
-4.638763626100446345e+03
-4.119077763398818206e+03
-4.216615632487228140e+03
-4.147197029673194265e+03
-3.998320280857394664e+03
-3.675856387604021620e+03
-3.933159110069733288e+03
-3.651506464402476468e+03
-3.602566144759427516e+03
-3.626800386743009312e+03
-3.933702986204387344e+03
-3.788935950483148190e+03
-3.641666140986699247e+03
-3.789744088840827317e+03
-3.693590250054502576e+03
-3.663267299771927810e+03
-3.687201440807095423e+03
-3.632934462440928655e+03
-3.656485026120387374e+03
-3.478605460558711911e+03
-3.495039715470308693e+03
-3.349958567028581456e+03
-3.507211016012896835e+03
-3.799512328099754541e+03
-3.648856458941218989e+03
-3.846298581965189442e+03
-3.692779185951128966e+03
-3.938646310836442808e+03
-3.802627981501785598e+03
-3.667998561047816565e+03
-3.589867060844913794e+03
-3.541443525824423432e+03
-3.734444718326435122e+03
-3.530858433058077026e+03
-4.306766773817908870e+03
-3.951713626716366889e+03
-3.750416636092688350e+03
-3.706100207913970735e+03
-3.519338267753399577e+03
-3.501420803212491592e+03
-3.711992744408798444e+03
-3.790984947052207190e+03
-3.589037294870966889e+03
-3.521697936447515076e+03
-3.731834240014197349e+03
-3.613736752970065027e+03
-3.653904056302253593e+03
-3.846261400562613744e+03
-3.748018126606188162e+03
-3.630217450493179513e+03
-3.986611451244167711e+03
-3.762003504197965412e+03
-4.242915946424308459e+03
-4.096422143129462711e+03
-3.959981227572674470e+03
-3.985680684552987259e+03
-3.800735545603392893e+03
-3.590323675718245795e+03
-3.563617304253745715e+03
-3.594541118525362890e+03
-3.532880943300605395e+03
-3.492701628467379123e+03
-3.539725797545678688e+03
-3.451678164126897173e+03
-3.364618525642890745e+03
-3.409286094243248044e+03
-3.855817797215333940e+03
-3.568378182645202287e+03
-3.471222913639530361e+03
-3.517590119782625152e+03
-3.350330815880007322e+03
-3.495806549501622612e+03
-3.707689788904160196e+03
-3.731746516056821292e+03
-3.845472787390936901e+03
-4.001886158790945046e+03
-3.951260584116512746e+03
-4.129014900284404575e+03
-3.923144051766805205e+03
-3.891900931214916454e+03
-3.629773486659374157e+03
-3.781855637731370734e+03
-3.864012259800153515e+03
-3.768588916417569635e+03
-3.836687626145301238e+03
-3.677908127912055079e+03
-3.704397159216598538e+03
-3.814189861271045629e+03
-3.743073381197677918e+03
-3.645183319464810666e+03
-3.793843158764100735e+03
-3.679335641389712691e+03
-3.682174953494934925e+03
-4.051795238805160807e+03
-3.620868018933977510e+03
-3.551993525560564194e+03
-3.482229107795075379e+03
-3.632383616732248811e+03
-3.881550799698891296e+03
-3.755605153157814129e+03
-3.942394282712493805e+03
-4.010837234742117289e+03
-3.983255732569386055e+03
-3.782576429293530055e+03
-4.165399594069644081e+03
-3.797417218473343382e+03
-3.516402475116517053e+03
-3.663201587630017002e+03
-3.702856528174334471e+03
-3.579508569891042498e+03
-3.644257106375218882e+03
-3.858828405523827769e+03
-3.967275829485347913e+03
-5.688533634359957432e+03
-5.216920623095176779e+03
-4.836391457309380712e+03
-5.133988995577765309e+03
-4.741644068998760304e+03
-4.563973328395763019e+03
-4.413669672788926619e+03
-4.312068875434039910e+03
-4.153809244948640298e+03
-3.942932505594293161e+03
-4.504071976311201070e+03
-4.057917657234373564e+03
-4.048687060255865617e+03
-3.985281915524360102e+03
-3.891008182549258891e+03
-4.136457363580272613e+03
-3.923522481893280201e+03
-4.145592876222395716e+03
-3.951569151540011717e+03
-4.599209612172324341e+03
-4.473362300259319454e+03
-4.481126164258564131e+03
-4.232906200065791381e+03
-4.071499146534757529e+03
-4.038300798025091353e+03
-4.502303454178520951e+03
-4.087412409792212202e+03
-4.101528192197709359e+03
-4.402010463646300195e+03
-4.335109753973187253e+03
-4.482056033001874312e+03
-4.151216876875338130e+03
-4.219963632365698686e+03
-4.572844446880626492e+03
-4.187870021924450157e+03
-3.994498028514376074e+03
-3.829580323758005306e+03
-3.802676446679438413e+03
-4.033310210731962798e+03
-4.040839688937397568e+03
-3.914133123731123760e+03
-4.393382279206129169e+03
-4.230351721572098540e+03
-4.434836969850832247e+03
-4.269905843709116198e+03
-4.039259177461187392e+03
-4.129151215359152957e+03
-4.175860839649883928e+03
-4.659986240211472250e+03
-4.227923562115639470e+03
-4.237716263495683961e+03
-4.084457777015230022e+03
-4.830495863511951029e+03
-4.707747303664904393e+03
-4.254313054710142751e+03
-4.166865180108316963e+03
-4.126817110794416294e+03
-4.458130276089668769e+03
-4.320968817980465246e+03
-4.334258394236021559e+03
-4.159271831308838046e+03
-4.078349906921384900e+03
-4.429648150074669502e+03
-4.033625733969441171e+03
-4.055795161604072746e+03
-3.928583935077925616e+03
-3.958183539307291539e+03
-4.119527325613499670e+03
-4.007672275124457883e+03
-4.125189601820350617e+03
-3.907803023505879537e+03
-4.212327859717886895e+03
-4.457284605535620358e+03
-4.276923177254460825e+03
-3.867039069240323443e+03
-3.895141173701195839e+03
-4.101542482706667215e+03
-4.210357405427969752e+03
-4.074277845487196828e+03
-4.635630997896430927e+03
-4.381733121143183780e+03
-4.238995364730570145e+03
-4.601280668651817905e+03
-4.532101944652558814e+03
-4.338258399410180573e+03
-4.250316793575243537e+03
-3.946966887550902356e+03
-4.330079439580284998e+03
-4.082929485688247041e+03
-3.857230638038297911e+03
-3.932859827979027614e+03
-4.021141009485799259e+03
-3.771367119318131245e+03
-4.401479723522954373e+03
-4.121271558109517173e+03
-3.973928813525976238e+03
-4.253954491845766825e+03
-3.910726832490834113e+03
-4.330570421685100882e+03
-4.243231009298089702e+03
-4.001729112692241415e+03
-4.077788325691281898e+03
-4.344366716298520259e+03
-3.996359428582604778e+03
-4.312369142560455657e+03
-4.050021705903821839e+03
-4.026706906666031500e+03
-4.192198126935229084e+03
-4.199952981224961150e+03
-4.035790766955639356e+03
-4.691527280819567750e+03
-4.505291205755053852e+03
-4.365589265288926981e+03
-4.230171762113525801e+03
-4.142133385753781113e+03
-3.848176920753756349e+03
-3.939628814721010258e+03
-4.255602566646058222e+03
-4.182690632779089356e+03
-4.223769152714110533e+03
-3.884935502006834213e+03
-4.250082634470503763e+03
-5.013982563055586070e+03
-4.568436099254026885e+03
-4.540573602434536951e+03
-4.485478838975819599e+03
-4.116045970782780387e+03
-3.964877332068738269e+03
-4.046757093024921232e+03
-4.046079937990909912e+03
-4.362383956456487795e+03
-4.483643257586607433e+03
-4.119669088700808061e+03
-4.016782108682520175e+03
-4.593504291062899938e+03
-4.201668483541901878e+03
-3.939171705409650258e+03
-4.253409974944467649e+03
-3.981398792962243078e+03
-4.048678128944755372e+03
-4.129443044506473598e+03
-3.859200165357461628e+03
-3.616035280536736082e+03
-3.984039666448803018e+03
-3.625839094836597269e+03
-4.163894944746937654e+03
-3.911881788774036522e+03
-3.686063553472511103e+03
-4.547843009689868268e+03
-4.179687670264050212e+03
-4.784699272346600992e+03
-4.423836200783328422e+03
-4.167483417713738163e+03
-4.066006800303082855e+03
-4.202876733414599585e+03
-3.999855353336254666e+03
-3.851990969458070140e+03
-3.628242013350739853e+03
-3.780075440704994435e+03
-4.891881395449227057e+03
-4.327191356417300085e+03
-4.055303489422607527e+03
-3.945664301456733483e+03
-4.563001874788235909e+03
-4.017015934600227411e+03
-3.873750579885834668e+03
-4.579783886347333464e+03
-4.103406932348880218e+03
-4.591356179416045052e+03
-4.409760407927466076e+03
-4.703113673797136471e+03
-4.465913308547273118e+03
-4.421193060308984059e+03
-4.278134051786037162e+03
-4.806381613950741666e+03
-4.551530436282577284e+03
-4.393366200758150626e+03
-4.312754388958769596e+03
-4.401145457950697164e+03
-4.365738986292949448e+03
-4.203831824401273479e+03
-4.202668979921108985e+03
-4.264911861692362436e+03
-4.045897219691042210e+03
-4.956845953372961958e+03
-4.420797563036187057e+03
-4.493349480249699809e+03
-4.381521791849141664e+03
-4.223158943738758353e+03
-3.879620768836118714e+03
-3.840558070710438642e+03
-3.652323721413819840e+03
-4.501848484919504699e+03
-4.056253059340679101e+03
-3.852483672997590929e+03
-4.874339591283862319e+03
-6.477199661818322966e+03
-5.912509622786405089e+03
-5.347819583754481755e+03
-5.265865330624990747e+03
-5.089785115949870487e+03
-5.175755055869562057e+03
-4.830368332889069279e+03
-4.650427786707032283e+03
-4.624609045638517273e+03
-4.504154954911563436e+03
-4.458922824774213041e+03
-4.719109104543276771e+03
-4.590678868786514613e+03
-4.436947497495257267e+03
-4.674380977704510769e+03
-4.439940030955445764e+03
-4.208050587802705195e+03
-5.239751460076809963e+03
-4.884522483347439447e+03
-6.337539991977940190e+03
-5.815857793622171812e+03
-5.262996101042424925e+03
-5.584288116512377201e+03
-5.020641524844084415e+03
-4.896295530330539805e+03
-4.664383057230054874e+03
-4.818869648363733177e+03
-4.745617812597628472e+03
-4.400854813530715546e+03
-4.742249429566432809e+03
-4.524508463238948025e+03
-4.431824757989227692e+03
-4.197205669787074839e+03
-5.413026949046558002e+03
-4.848336910014637397e+03
-4.541781268682057998e+03
-4.720270948670564394e+03
-4.653006885546838021e+03
-4.829634097982841922e+03
-4.319578050534400973e+03
-4.309712861694790263e+03
-5.033930394173075001e+03
-4.892970343685243279e+03
-4.759274848438722984e+03
-4.798040166312166548e+03
-4.813504861659182097e+03
-4.366663253392549450e+03
-4.951525387043067894e+03
-4.607886841166976410e+03
-4.559737542485354425e+03
-4.600053852225959417e+03
-4.343232953961377461e+03
-4.434396296025997799e+03
-4.510489016969416298e+03
-4.438172179433861857e+03
-4.611140494031927119e+03
-4.523384402386172042e+03
-4.275690499247918524e+03
-4.148890382756704639e+03
-4.324535725776293475e+03
-4.603538766636687797e+03
-4.761419595122955798e+03
-4.426824769901692889e+03
-4.817389758885010451e+03
-4.690760853744053748e+03
-4.778050756620108587e+03
-4.437080033954334795e+03
-4.499941047387177605e+03
-4.538129967815086275e+03
-4.481226837844691545e+03
-5.105533769073053008e+03
-4.754916426566109294e+03
-4.863041753396098102e+03
-4.472096723325056701e+03
-4.815672988149177399e+03
-4.734659223425351229e+03
-4.494409348752265942e+03
-4.600450142075925214e+03
-4.452813261525372582e+03
-4.572422241764294085e+03
-4.625333617160424183e+03
-4.349875478883845062e+03
-4.352775101782687670e+03
-4.446124951999519908e+03
-4.141101911617961377e+03
-4.085781666209740251e+03
-4.446827895983606140e+03
-5.485805492114915978e+03
-5.070414447010648473e+03
-4.622987270467208873e+03
-4.722594357950049016e+03
-5.066989417483626312e+03
-8.166589599847775389e+03
-7.601899560815852965e+03
-7.037209521783914170e+03
-6.472519482752006297e+03
-6.011226983617860242e+03
-5.503643180320271313e+03
-5.047081372621158152e+03
-5.444939806559257704e+03
-5.093087263652836555e+03
-4.827240689817022940e+03
-4.728767635820338910e+03
-4.793233014322675444e+03
-4.536706878710294404e+03
-4.398020854526923358e+03
-4.394010274165822921e+03
-4.250046716662895051e+03
-6.172011410466551752e+03
-5.607321371434628418e+03
-5.064287761532537843e+03
-4.928613956382971082e+03
-5.067373887888162244e+03
-4.875948583952391346e+03
-4.887743152031771388e+03
-4.660460309203153884e+03
-4.549960409816318133e+03
-4.407516406430806455e+03
-4.415179147648070284e+03
-4.812457918178254658e+03
-4.863072136244702051e+03
-4.378324372396758008e+03
-4.545447474044744922e+03
-4.407658045648207917e+03
-4.525585273695413889e+03
-5.072790512592124287e+03
-4.537447836013452616e+03
-4.474616609117036205e+03
-4.646645089823067792e+03
-4.490030214866426832e+03
-4.625189494057462980e+03
-4.269443328477359501e+03
-4.506300975743117306e+03
-4.399564974317108863e+03
-4.828899496220921719e+03
-4.595530365954959962e+03
-4.947469541249594840e+03
-5.056354684888921838e+03
-4.797006195906633366e+03
-4.518450436686138346e+03
-4.974486592042449047e+03
-4.852613694858668168e+03
-5.010412710699406489e+03
-5.244219195753656095e+03
-5.097340955682371714e+03
-4.817280243026137214e+03
-4.738758591964922744e+03
-4.583801188613294471e+03
-4.488201123181031107e+03
-5.024469387505949271e+03
-4.571241662783431821e+03
-5.157944013934770737e+03
-4.685604252548870136e+03
-4.705379683422122980e+03
-4.681628688948823765e+03
-4.473658459462982137e+03
-4.508994187861180762e+03
-4.744687005391058847e+03
-4.602995487501100797e+03
-4.686840067216033276e+03
-4.822437358395354750e+03
-4.508081103336102387e+03
-4.465332539934188389e+03
-5.068099717175315163e+03
-4.611716801495300388e+03
-4.674820597678497506e+03
-4.972783713889835781e+03
-4.662771279254313413e+03
-4.954390653523528272e+03
-4.879745585216005566e+03
-4.431559201029705946e+03
-4.583762682565307841e+03
-4.320630785382465547e+03
-4.246217230126501818e+03
-4.613153747612343068e+03
-4.716701790575393716e+03
-4.571086641007741491e+03
-4.925911851760969512e+03
-4.575587266149064817e+03
-4.530936517544976596e+03
-4.927842818301123771e+03
-4.486922023136233292e+03
-4.752026064783090987e+03
-4.401688254253558625e+03
-4.467262899831205686e+03
-4.266955324987700806e+03
-4.504029785864804580e+03
-4.541662945454663713e+03
-4.792241407616755168e+03
-4.538989594421513175e+03
-4.295242476194410301e+03
-4.232495003668625031e+03
-3.887943922550382467e+03
-4.888603563066408242e+03
-4.325130038471934313e+03
-4.648383555262422306e+03
-4.438209867652659341e+03
-4.529568911543628019e+03
-4.281565471127318233e+03
-4.711232932508624799e+03
-4.598925867068999651e+03
-4.431016654714216202e+03
-4.674436536270670331e+03
-4.283083134427070036e+03
-4.042492175379949913e+03
-4.612584094529538561e+03
-4.222576067362821959e+03
-4.389162476828440049e+03
-4.828809290671999406e+03
-4.353479748082989317e+03
-4.322085173663693240e+03
-4.318618097007982215e+03
-4.325974879790336672e+03
-4.129741695447548409e+03
-5.316337356331357114e+03
-4.916391237744224782e+03
-4.427312373934988500e+03
-4.503624778040175443e+03
-4.351112039587782419e+03
-4.105800264800327568e+03
-4.818372524943375538e+03
-4.258221641106073548e+03
-5.040449755730038305e+03
-4.642785318608695889e+03
-4.417291235390215661e+03
-4.185796308342866723e+03
-4.726288787976653111e+03
-4.245205381271656734e+03
-4.317213399254160322e+03
-4.800895230099527907e+03
-4.437700368649859229e+03
-4.401419005894742440e+03
-4.335415171786241444e+03
-4.918056533767159635e+03
-4.947043732059724789e+03
-4.652984471189486612e+03
-4.499130821387657306e+03
-4.525470008167278138e+03
-4.422540896866757976e+03
-4.648985994937289433e+03
-4.440504613337858245e+03
-4.756804715117296837e+03
-4.534057033431282434e+03
-4.613254759331539390e+03
-4.422572188140955404e+03
-5.153750756331938646e+03
-4.691861858061567546e+03
-5.184515461117463019e+03
-4.632626581773350154e+03
-5.039824497267671177e+03
-4.628010394870922028e+03
-4.528514461836102782e+03
-4.667046185927873921e+03
-4.707138476549203006e+03
-4.360269995689186544e+03
-4.713673460009742485e+03
-4.438599535871526314e+03
-4.987437086288135106e+03
-4.982961037395871244e+03
-4.691200268604718076e+03
-5.251359333769123623e+03
-5.197261790730484790e+03
-4.736449707323415169e+03
-4.692605294265224984e+03
-4.652661392457697730e+03
-4.537450058148558128e+03
-4.810926233778423011e+03
-4.578376998852430006e+03
-5.366109440248701503e+03
-5.188594384789363176e+03
-4.717600103719925755e+03
-4.569507789470830176e+03
-4.538709226505148763e+03
-4.592085398351715412e+03
-5.239502448500394166e+03
-4.674812409468468104e+03
-4.228335144867101917e+03
-4.599328589836062747e+03
-5.225114199683779589e+03
-4.777094854373769522e+03
-4.744714682383742911e+03
-4.505302060904610698e+03
-4.438665391501461272e+03
-5.176357890652877359e+03
-5.293964252669705274e+03
-4.830450146978140765e+03
-4.518848999367396573e+03
-4.175894643848238047e+03
-4.488603777577471192e+03
-4.754161251129931770e+03
-4.667130386187935073e+03
-4.752404678531662285e+03
-4.593053234078661262e+03
-4.366731594404203861e+03
-5.150953298180649654e+03
-4.592488790766755301e+03
-4.749417841862554269e+03
-4.657948075044438156e+03
-4.853511693266442308e+03
-4.509491366983887929e+03
-4.813337757648645493e+03
-4.524361086952833830e+03
-4.452176158613301595e+03
-4.421853568090000408e+03
-5.243801716470600695e+03
-4.977262347304909781e+03
-4.630829618126257628e+03
-5.393648056471742166e+03
-5.051301623146329803e+03
-5.066848892289374817e+03
-4.738388155632577764e+03
-4.342318831731217870e+03
-4.409670430563205628e+03
-5.371691600496131286e+03
-4.939534616878730958e+03
-5.256421337541911271e+03
-4.905684935703991869e+03
-4.858369275023493174e+03
-4.895235898488370367e+03
-4.805333679971293350e+03
-5.330395325609232714e+03
-4.936149529168729714e+03
-5.142996658726950045e+03
-4.579223003160828739e+03
-5.232814282424628800e+03
-4.797718735532835126e+03
-5.026295462996186870e+03
-4.800911769470323634e+03
-4.758324333572711112e+03
-4.937741365395198955e+03
-5.272967629164008940e+03
-4.813245376560198565e+03
-4.683672603068574062e+03
-4.652817963419816806e+03
-4.490252811535074215e+03
-4.573859078885407143e+03
-5.374874850857243473e+03
-4.979553991415938071e+03
-4.924317681583008380e+03
-5.355281101662748370e+03
-5.192051176756373934e+03
-4.962468679661425085e+03
-4.737844436239931383e+03
-4.961825378256402473e+03
-4.824099206982758915e+03
-4.939935037539249606e+03
-4.490144920331302274e+03
-5.151529091312453602e+03
-4.681912974014629981e+03
-4.559443324005508657e+03
-4.573833705320697845e+03
-4.199056984162270055e+03
-4.221781363609470645e+03
-3.957638461090898090e+03
-6.271316092951876271e+03
-5.706626053919951119e+03
-5.147544904869271704e+03
-5.148745253875584240e+03
-4.864004163140741184e+03
-4.701471091052953852e+03
-4.406397291790726740e+03
-4.627925459760743252e+03
-4.346015549004088825e+03
-4.317570753357882495e+03
-4.039043735833030951e+03
-3.967296626347034362e+03
-3.778142208869111982e+03
-3.841958872556898314e+03
-4.550360350061353529e+03
-4.052730953259788294e+03
-4.050793098190715682e+03
-4.469761718599575943e+03
-4.099256209755073542e+03
-4.752293213285989623e+03
-4.194505255553457573e+03
-4.281582875578575113e+03
-4.696305083026634748e+03
-4.331527614467209787e+03
-4.733791300666230200e+03
-4.560816165240621558e+03
-4.160551052624697149e+03
-4.640060330069716656e+03
-4.484517731967434884e+03
-4.247145806093166357e+03
-5.117645614297198335e+03
-4.552955575265272273e+03
-4.818761582107799768e+03
-4.388348294413209260e+03
-4.297065840393144754e+03
-4.218863166732551690e+03
-4.654907953819763861e+03
-4.275975596712707556e+03
-4.026933463785730055e+03
-4.658069156672072495e+03
-4.619999199913616394e+03
-5.067651648171138731e+03
-4.843336814165610122e+03
-4.589764661940347651e+03
-5.117540845694691598e+03
-4.771914215715036335e+03
-4.397600021712709349e+03
-4.517435233317671191e+03
-4.431125044946176786e+03
-5.353334211548661187e+03
-4.788644172516736944e+03
-4.655715484193886368e+03
-5.280137502456965194e+03
-4.923890133513178625e+03
-4.458965504889649310e+03
-4.587364517011390490e+03
-4.776518185739578257e+03
-4.819226973846136389e+03
-4.633724795982538126e+03
-4.672195711559623305e+03
-4.520829474574349661e+03
-4.736520736741181281e+03
-4.447562364594648898e+03
-4.949099305910148360e+03
-4.721916065623293434e+03
-5.044500736753239835e+03
-4.768180611047166167e+03
-4.618623526521982058e+03
-4.835137012521869110e+03
-4.869623923909426594e+03
-4.539445989175708746e+03
-4.318579355514464623e+03
-4.097017382515899953e+03
-4.470968353618467518e+03
-4.518656973081814613e+03
-4.178668836779368576e+03
-5.067905844049528241e+03
-4.607596694467681118e+03
-4.983586260350994053e+03
-4.661397736714776329e+03
-4.802339827133349900e+03
-4.461647633039208813e+03
-5.319544643535227806e+03
-4.868529111721441041e+03
-4.629946276007169217e+03
-4.577396839347506102e+03
-5.363279605691296638e+03
-5.021868859032078944e+03
-5.013703723987711783e+03
-5.130553447266165676e+03
-5.076473301500958769e+03
-4.655814629024842361e+03
-4.752355625093296112e+03
-4.636772285716497208e+03
-5.132313458012476985e+03
-4.881460797661636207e+03
-4.758213634866222492e+03
-4.472251642787584387e+03
-5.116512593481213116e+03
-4.758597082716587465e+03
-4.726682275922803456e+03
-4.649204149569191941e+03
-5.041332544501728080e+03
-4.495268055644315609e+03
-5.429363464569665666e+03
-4.864854756186845407e+03
-4.506570320506998542e+03
-5.403699145055570625e+03
-5.063882027130492133e+03
-4.585441941980642696e+03
-5.387765235611480421e+03
-4.954638373134472204e+03
-5.302092451808806800e+03
-5.127382319214999370e+03
-4.930475353063498915e+03
-4.570428565581608382e+03
-4.480083871465212724e+03
-4.625580386620761601e+03
-4.171811291623542274e+03
-5.153333999939633031e+03
-5.003765836972192119e+03
-4.762387609340421477e+03
-4.774543698133824364e+03
-4.739438911798297340e+03
-5.232782746681442404e+03
-4.788076541499387531e+03
-4.837790937437073808e+03
-5.087978028018958867e+03
-5.012551257984285257e+03
-4.663988843492840715e+03
-4.449332824682429418e+03
-4.309452961840076568e+03
-6.295440601030520156e+03
-5.730750561998596822e+03
-5.368485764898026900e+03
-5.490899332767876331e+03
-5.427011374149949916e+03
-5.074738690668223171e+03
-4.762727511689881794e+03
-4.534141788146106592e+03
-4.986484151193786602e+03
-5.037147761909199289e+03
-4.669447852724248150e+03
-4.851497405725338467e+03
-4.437953406949806777e+03
-4.699985460320584025e+03
-4.545333860278440625e+03
-4.404686737337568047e+03
-4.459329904808857464e+03
-5.396220980574993519e+03
-4.861640305161305150e+03
-4.800738994915975127e+03
-4.872099094777348000e+03
-4.728989286757763693e+03
-5.133771368770268964e+03
-4.828608224893903753e+03
-4.618126029763259794e+03
-4.963935472227420178e+03
-4.609999587173769214e+03
-4.685878128854639726e+03
-4.320552029185109859e+03
-5.450503622193709816e+03
-4.885813583161784663e+03
-4.438608370098679188e+03
-4.610224645287802559e+03
-4.630444190079804685e+03
-4.074334768839892149e+03
-4.956963964548509466e+03
-4.480249980834527378e+03
-4.035972139088423774e+03
-4.686087686614207996e+03
-5.081268702114290136e+03
-5.206562296320711539e+03
-4.745444674189629950e+03
-4.968321221803925255e+03
-4.555643308142811293e+03
-4.638225215753282100e+03
-4.378719450828402842e+03
-4.679996883742587670e+03
-4.551198570373733673e+03
-4.583915694603183510e+03
-4.519772126456597107e+03
-4.235456877986633117e+03
-4.395258243131185736e+03
-4.434315911356890865e+03
-4.554337178465257239e+03
-4.522507261418388225e+03
-4.436526030819200969e+03
-5.377265351282288975e+03
-5.333951449153792055e+03
-5.216784464337454665e+03
-4.773856649661782285e+03
-4.820709412936618719e+03
-4.501217598436788649e+03
-4.371544992143508352e+03
-4.176159377133311864e+03
-5.685636750118166674e+03
-5.120946711086245159e+03
-4.665621107339678929e+03
-4.617389366054089805e+03
-4.976627324311203665e+03
-4.601559161599398067e+03
-4.670128629017473941e+03
-4.501611725289155402e+03
-4.661132324912719923e+03
-4.635887132152603954e+03
-4.506047169244467113e+03
-4.278461450808128575e+03
-5.372774990030478875e+03
-4.808084950998556451e+03
-4.466895319556741015e+03
-4.770131268078699577e+03
-5.128235972711268914e+03
-4.670118658493212934e+03
-5.170259225502689333e+03
-4.635670925766382425e+03
-4.458600745281844866e+03
-4.902405736745907234e+03
-4.599612052175853933e+03
-4.648464221693041509e+03
-4.203169025402532498e+03
-4.973988626217123965e+03
-4.681815592083095908e+03
-4.589503125675582851e+03
-4.570352602241591740e+03
-4.563785907703995690e+03
-4.111292513024096479e+03
-4.817688361912516484e+03
-4.444233404951120974e+03
-4.522815646937153360e+03
-4.964944124669446865e+03
-4.525474570541268804e+03
-4.758683726052600832e+03
-4.517290924149168859e+03
-4.237970892855511920e+03
-5.436315468320448417e+03
-4.872897179143278663e+03
-4.621471850931777226e+03
-4.604374131601827685e+03
-5.199405455102667474e+03
-4.732702069402230336e+03
-4.683970516953213519e+03
-4.230130516590903426e+03
-4.224502733386562795e+03
-4.180195599417096673e+03
-4.391402700742535671e+03
-3.984553881473004367e+03
-4.736669498444433884e+03
-4.171979459412506912e+03
-4.659251581298597557e+03
-4.510136113109935650e+03
-4.479288527441021870e+03
-4.405967780208866316e+03
-4.720299970868762102e+03
-4.566347648260878486e+03
-4.414927831530767435e+03
-4.388158268060081355e+03
-4.362932302486660774e+03
-4.702556385308673271e+03
-4.952009196297140988e+03
-4.619374785430267366e+03
-4.751718279839424213e+03
-5.170511760200935896e+03
-8.572581686110755982e+03
-8.007891647078830829e+03
-7.443201608046898400e+03
-6.878511569014981433e+03
-6.511180317136383565e+03
-5.946490278104458412e+03
-5.771974127931425755e+03
-5.615016094336820970e+03
-6.029513436757109957e+03
-5.527857792333837097e+03
-5.127539040508010658e+03
-5.227951972823352662e+03
-5.389154551201443610e+03
-4.935489746705616199e+03
-4.990427497338432659e+03
-4.851736384912117501e+03
-4.613538427755088378e+03
-5.312354346382303447e+03
-4.779369125072034876e+03
-4.665757330345470109e+03
-5.268615921270131366e+03
-4.756397616357839070e+03
-4.760983838622531039e+03
-4.623357909285727146e+03
-4.679692059162776786e+03
-5.362653209324943418e+03
-4.902258179129872588e+03
-4.707376735444619044e+03
-4.406695393425566181e+03
-4.772719656830920940e+03
-5.155524272743092297e+03
-4.902061674272499658e+03
-4.902620888359637320e+03
-4.566170719911136985e+03
-4.492297904358862070e+03
-4.535202588017481503e+03
-4.811408187650978107e+03
-4.342858746007260379e+03
-4.484362489042852758e+03
-4.051673847663836113e+03
-5.696602628559312507e+03
-5.221598885820269061e+03
-5.254287766406005176e+03
-5.287021497498748431e+03
-4.722687178728904655e+03
-4.978231061609363678e+03
-4.421638246860900836e+03
-4.512657998919373313e+03
-5.866505105953204293e+03
-5.301815066921279140e+03
-5.141822238326791194e+03
-4.803001955972599717e+03
-4.508012261799277439e+03
-4.365946244934764763e+03
-4.830368683255015640e+03
-5.279841008087625596e+03
-4.825384981584876186e+03
-5.243448852636260199e+03
-4.784957822366564869e+03
-5.145936296594560190e+03
-5.231415183140637964e+03
-4.890197129423961997e+03
-4.719287536327954513e+03
-4.765402112489799038e+03
-5.616536102562837186e+03
-5.146036046406758942e+03
-5.094344402528439787e+03
-5.087700189653341113e+03
-5.244282669402006832e+03
-4.807176456726610922e+03
-4.906008821559405988e+03
-4.777375950807403569e+03
-5.084998277655149650e+03
-4.809070074771314466e+03
-4.997214129147170752e+03
-4.711477838149032323e+03
-4.794436224050954479e+03
-4.556623121818849540e+03
-4.407915216446604973e+03
-4.598158301222514638e+03
-5.018561964821719812e+03
-4.454900833586481895e+03
-4.493547296130747782e+03
-4.571398321641639996e+03
-4.434940693500499037e+03
-4.453070951324790258e+03
-5.170927500314794997e+03
-4.609925424969172127e+03
-4.427861066392390057e+03
-4.552178174338658209e+03
-4.308568418654609559e+03
-5.279350938096104073e+03
-4.818677301082083432e+03
-5.034959462949040244e+03
-4.578961857628344660e+03
-4.619227542355162768e+03
-4.505557217790706090e+03
-4.947408898086838235e+03
-4.979498759077725481e+03
-4.654691067824935999e+03
-4.851752899908318795e+03
-4.618736718216363442e+03
-4.417858956529603347e+03
-4.438138078500654956e+03
-4.490565969784192021e+03
-4.685533276589858360e+03
-5.631287689299238082e+03
-5.178914331286379820e+03
-5.084283470918493549e+03
-4.711780531281360709e+03
-4.959441114766575083e+03
-4.610219832059932742e+03
-4.664383210858692109e+03
-4.660414062959058356e+03
-4.965355859524975131e+03
-4.514389792177265917e+03
-4.883501289259940677e+03
-4.636754497683610680e+03
-4.845304788952633317e+03
-4.914456994758156725e+03
-4.768759456093816880e+03
-4.581584753997440203e+03
-5.376843752101241989e+03
-4.862645471835441640e+03
-5.084760596494565107e+03
-4.838060646844305666e+03
-5.824331536547802898e+03
-5.259641497515878655e+03
-5.945508460974888294e+03
-5.381182694785560670e+03
-5.047109070048870308e+03
-4.818863476887785509e+03
-4.771803804269518878e+03
-4.511315253290495093e+03
-4.837699612795669964e+03
-5.066963006089846203e+03
-4.598283272456787927e+03
-4.439218698491131363e+03
-5.136944038556635860e+03
-4.807303304883453166e+03
-4.683239471649714687e+03
-4.602382683227496273e+03
-6.076163491226223414e+03
-5.511473452194293714e+03
-5.321741974752322676e+03
-5.277879042743957143e+03
-5.059626880234004602e+03
-4.949732405070477398e+03
-4.840739822676390759e+03
-4.685622288983469844e+03
-5.665656568454845910e+03
-5.194396990998171532e+03
-4.937355017057317127e+03
-4.890848732479804312e+03
-4.918425151900018136e+03
-5.197025672791195575e+03
-4.853917824609452509e+03
-5.226882801773223036e+03
-4.677784814179522073e+03
-4.689733776307959488e+03
-4.554016850779487868e+03
-4.633150981854078964e+03
-5.421018049367914500e+03
-4.867969810786275957e+03
-4.751645922914074617e+03
-5.055286733479380928e+03
-5.339255442592395411e+03
-4.917898359734590485e+03
-5.342901242592083690e+03
-4.868257928770373837e+03
-4.750370298830209322e+03
-4.471188185654154950e+03
-5.708947402471989335e+03
-5.144257363440062363e+03
-4.684060600594279094e+03
-4.496260508898491025e+03
-4.543611138515278071e+03
-4.331404636760818903e+03
-4.729504181728927506e+03
-4.374814132732862163e+03
-4.937189631934390491e+03
-5.159283584336228159e+03
-4.594593545304304826e+03
-4.922297901510857628e+03
-4.728707851622119051e+03
-4.718010141624753487e+03
-4.799803271798989954e+03
-4.817432551305063498e+03
-5.121277477842775625e+03
-5.533226817596133515e+03
-5.171188726917880558e+03
-4.932829287274082162e+03
-4.980608632550205584e+03
-5.045063888691509419e+03
-4.998777650713942421e+03
-4.653402520516414370e+03
-4.709465868186382068e+03
-5.018923497145548936e+03
-4.454233458113621964e+03
-5.534645347091809526e+03
-5.171278500334571618e+03
-4.770195421148518108e+03
-4.524785848772897225e+03
-5.238464045480488494e+03
-8.760957698750833515e+03
-8.196267659718905634e+03
-7.631577620686993214e+03
-7.288482849221521974e+03
-6.723792810189605007e+03
-6.160480640599002982e+03
-5.905575148656034798e+03
-5.545569873639403340e+03
-5.365454923686302209e+03
-5.012055206886603628e+03
-5.424049676236178129e+03
-5.039762139479633333e+03
-4.799830946598861374e+03
-4.878550773576784195e+03
-4.500768982919972586e+03
-4.884007753114137813e+03
-4.447085178951716443e+03
-4.695887107982978705e+03
-4.446272630237009253e+03
-4.432453302471883944e+03
-5.971016279966848742e+03
-5.580271441322593091e+03
-5.227451268487037851e+03
-5.362843481776382760e+03
-5.394577834426529989e+03
-4.975485091748180821e+03
-5.056543176934733310e+03
-5.173874096723535331e+03
-5.042465852096777780e+03
-4.992686253850760295e+03
-5.004043311281447131e+03
-4.646258712804224160e+03
-4.768124626015851391e+03
-4.531852628159498636e+03
-4.915213633132299037e+03
-4.414945157300026040e+03
-5.471658603008558202e+03
-5.316394867500905093e+03
-4.774003654700254629e+03
-4.639974585262187247e+03
-5.334131578348969924e+03
-4.966267157769998448e+03
-4.849523581519732033e+03
-4.800825538330514064e+03
-4.616295711486775872e+03
-5.004874988224443769e+03
-4.672635069691550598e+03
-4.548799315936759740e+03
-4.713934399926949482e+03
-4.571829011697423994e+03
-4.288471141888822785e+03
-5.274737673722092950e+03
-4.817221445638488149e+03
-4.955298853497535674e+03
-4.719809449226695506e+03
-4.768746453847745215e+03
-4.448435597971607422e+03
-4.769300963254403541e+03
-4.524510077946553793e+03
-4.923968642442507189e+03
-4.609782861712375961e+03
-5.607295209251361484e+03
-5.042605170219435422e+03
-5.394113049986050100e+03
-5.457401822165386875e+03
-5.197313340189090013e+03
-5.304532581452997874e+03
-5.022663469695955428e+03
-4.753141079845087916e+03
-5.238807459777007352e+03
-5.210134174306958812e+03
-4.799217620421470201e+03
-4.556175763932388691e+03
-4.828443137474971991e+03
-4.690985459943551177e+03
-4.352204431640175244e+03
-4.857711029814209724e+03
-4.517106154312885337e+03
-4.086545079331036050e+03
-6.488650391873774424e+03
-5.923960352841858366e+03
-5.359270313809935033e+03
-4.907089648597359883e+03
-5.180722172793221944e+03
-4.961501550796812808e+03
-4.674722053433451947e+03
-4.822540537429233154e+03
-4.575355268124704708e+03
-5.183759322767278718e+03
-4.693853528768078831e+03
-4.505793567816834184e+03
-4.870033152132736177e+03
-5.015855739127363449e+03
-4.556155697696456627e+03
-4.865620557682752406e+03
-4.518397833493225335e+03
-4.651662901976744251e+03
-4.864361611354930574e+03
-5.017641250802093964e+03
-4.869732623324330234e+03
-4.822308741125787492e+03
-4.486184050379358268e+03
-5.222673491652317352e+03
-4.756743559532405925e+03
-4.687241983920984239e+03
-4.449909420166157361e+03
-4.812466117979662158e+03
-4.884410609829224995e+03
-4.542082705958285260e+03
-4.539793048521085439e+03
-4.398461849271854589e+03
-4.662040128221992745e+03
-4.593971395928904712e+03
-5.118842114096511068e+03
-4.776740447531273276e+03
-4.324481539522612366e+03
-4.645537718928407230e+03
-4.398429942355052845e+03
-4.242687048439800492e+03
-5.220764170766003190e+03
-4.656253204693006410e+03
-5.054752149355595066e+03
-5.126908280837556958e+03
-4.792767701756172755e+03
-5.129256938140861166e+03
-5.468548791660589814e+03
-5.308245887305541146e+03
-4.943304559341915592e+03
-4.871682379252164537e+03
-5.017013606041356979e+03
-4.942543992604936648e+03
-4.821198049400040873e+03
-4.585391333991652573e+03
-4.992226863860741105e+03
-4.648341511154663749e+03
-4.810039547308981128e+03
-4.793843993398668317e+03
-4.336331849854414941e+03
-6.199738907064646810e+03
-5.635048868032723476e+03
-5.150032764769466667e+03
-5.079729046418207872e+03
-4.769794236270399779e+03
-5.012713007524862405e+03
-4.782040558071714258e+03
-4.603226973323994571e+03
-5.158421847882499605e+03
-4.981886153309578731e+03
-4.417559454130885570e+03
-4.488678959308113917e+03
-4.865593960573505683e+03
-4.730891557704783736e+03
-4.652347640297501130e+03
-4.623536361165981361e+03
-4.292783874129565447e+03
-6.031738590247176944e+03
-5.467048551215248153e+03
-5.206997225482569775e+03
-4.845474634030148081e+03
-4.962702754981224643e+03
-4.559260546507165600e+03
-4.562434364696217017e+03
-4.615632323208155867e+03
-5.672241882246617934e+03
-5.216664949333050572e+03
-4.759619573310492342e+03
-6.454363095890927980e+03
-5.899501990991209823e+03
-5.486037693074597883e+03
-5.034897515346219734e+03
-6.069381844158617241e+03
-5.504876623040017876e+03
-5.549091900418043224e+03
-5.282803761805682370e+03
-4.937994132212476870e+03
-4.912129894059029539e+03
-5.151496879884861301e+03
-5.104965322472370644e+03
-4.988708336421503191e+03
-4.653347323670064725e+03
-5.281122353444829969e+03
-5.193537453910903423e+03
-4.844080443570391253e+03
-5.428531107975721170e+03
-5.320117254152224632e+03
-4.893607206160859278e+03
-4.624366340930814658e+03
-5.341470186596262465e+03
-4.883800751078434587e+03
-4.982889254315703511e+03
-5.021558343313952719e+03
-4.585983006805507102e+03
-4.989061627726245206e+03
-4.535187072062573861e+03
-5.235842059649759904e+03
-4.781807196004416255e+03
-4.599019256992065493e+03
-4.486266463813581140e+03
-5.442016917432539231e+03
-4.989585744799549502e+03
-5.204558297351492001e+03
-4.985913645240485494e+03
-4.937507457984787834e+03
-5.237566056557737284e+03
-4.782210758747182808e+03
-4.500839240398685433e+03
-4.971200088265345585e+03
-4.409426930384138359e+03
-4.685984410523857150e+03
-5.134224671162463892e+03
-4.881842428899696642e+03
-4.413169236920967705e+03
-4.645022534390966030e+03
-4.909352921080408123e+03
-4.638297075495816898e+03
-4.596674496931423164e+03
-4.679736480844256221e+03
-4.451670870435048528e+03
-4.216839046271390544e+03
-4.557823754278013439e+03
-4.025900077568261622e+03
-4.940173365971644671e+03
-4.446728919794096328e+03
-5.768783286254115410e+03
-5.204424909696402210e+03
-4.947353857365627846e+03
-4.998914488143102062e+03
-4.949288906046342163e+03
-4.705538889729747098e+03
-4.974490102935435061e+03
-5.233977839449460589e+03
-4.999776683964084441e+03
-5.618005739480885495e+03
-5.134532792961033920e+03
-4.870290777258008347e+03
-5.007910571314205299e+03
-4.791807463289539555e+03
-4.613914672951921602e+03
-4.568657422614137431e+03
-5.196151798138713275e+03
-4.742128847725029118e+03
-4.834534074921539286e+03
-4.606630520952152438e+03
-4.809381376144135174e+03
-5.039984137014385851e+03
-5.541517158039450806e+03
-6.014159225618876008e+03
-5.449469186586958131e+03
-4.884779147555032068e+03
-5.385574718878907333e+03
-5.292778801602504245e+03
-5.531292003520786238e+03
-5.391946731274758349e+03
-5.405529203931595475e+03
-4.938408615216055296e+03
-5.298109962037794503e+03
-5.123025354565597809e+03
-4.874262594663146047e+03
-4.819216195722083285e+03
-4.510723563902496608e+03
-4.952712906156608369e+03
-4.588049715236820703e+03
-5.257574588998291802e+03
-4.937684665621520253e+03
-4.794643886108553488e+03
-5.260079041109664104e+03
-4.796381996540276305e+03
-4.757380993827380735e+03
-4.760829053575071157e+03
-5.498969427696483763e+03
-5.117033264452904405e+03
-5.385301527953626646e+03
-4.832080838793077419e+03
-4.601123204202642228e+03
-5.054553968438085576e+03
-5.199548286247027136e+03
-4.749154742099732175e+03
-4.801883480222393700e+03
-4.913136899404056749e+03
-5.585444718596348139e+03
-5.020754679564424805e+03
-5.031626136271206633e+03
-4.550955191701280455e+03
-4.861599891770018075e+03
-4.778608450208090289e+03
-4.907398183646626421e+03
-4.652087346228074239e+03
-4.447770594651707142e+03
-4.721587600839124207e+03
-4.852852139753788833e+03
-4.995853011358824915e+03
-4.536644373088691282e+03
-4.875182775167438194e+03
-4.418043201935957768e+03
-4.371485619615286851e+03
-4.585914808456214814e+03
-4.651435676942805003e+03
-5.125777926427280363e+03
-4.758843519415734590e+03
-4.661192936845382064e+03
-4.573631439578792197e+03
-4.794391856595269928e+03
-4.337830048896146764e+03
-5.550021474968751136e+03
-4.985331435936828711e+03
-5.244463016201524624e+03
-4.901023617368332452e+03
-5.168755201208925428e+03
-5.367460784886986403e+03
-5.013768498049365007e+03
-4.754673642401490724e+03
-4.923426449676802804e+03
-4.523922251883210265e+03
-4.359071111414936240e+03
-5.541543716441734432e+03
-4.976853677409813827e+03
-5.183570013101892982e+03
-4.620360900400297396e+03
-4.385026127112809263e+03
-4.519894652518933981e+03
-4.825206173668613701e+03
-4.693022985768704530e+03
-5.181488910690579360e+03
-5.093474325910397965e+03
-4.847115134226104601e+03
-4.986086589791236293e+03
-4.873296275454909846e+03
-5.201602667908016883e+03
-4.928837797246530499e+03
-4.824473547552306627e+03
-4.715111638640246383e+03
-4.776802877125014675e+03
-4.428259020872860674e+03
-5.018104054436016668e+03
-6.132035687970963409e+03
-5.567345648939035527e+03
-5.502174301165145152e+03
-5.156747194903566196e+03
-4.754885197537516433e+03
-5.150959959191804955e+03
-4.651516093826172437e+03
-4.977203324865704417e+03
-5.128847510583603253e+03
-4.769092392931446739e+03
-5.137176926088588516e+03
-5.364873124616876339e+03
-4.801596461362103582e+03
-5.012907830409729286e+03
-4.774261593453426030e+03
-4.836146021139212280e+03
-5.042787871897578043e+03
-4.647151211406860057e+03
-5.838166663077589874e+03
-5.273476624045673816e+03
-5.488537843908019568e+03
-5.103434415810505016e+03
-4.978936849350653574e+03
-4.960620226439232283e+03
-4.608939744373284157e+03
-4.863087007464017006e+03
-4.907037173273732151e+03
-4.682279778150081256e+03
-5.130956655714313456e+03
-4.889224435888375410e+03
-4.927357210481646689e+03
-4.476351197211668477e+03
-5.044172779455215277e+03
-4.688118958378217030e+03
-4.453486502462579665e+03
-4.929792023303494716e+03
-4.670867216740242839e+03
-4.445367169202389960e+03
-5.250478082782114143e+03
-4.792829018952218576e+03
-4.531145354340903395e+03
-5.226758475999678922e+03
-4.669532700156660212e+03
-4.993437929096350672e+03
-4.646016124718775245e+03
-4.565116665816241039e+03
-5.380238844884591344e+03
-5.031270203118618156e+03
-4.893812190907484364e+03
-5.089082782788545956e+03
-4.857177471326251180e+03
-4.781114365974644898e+03
-4.514459708181340829e+03
-4.689494387561904659e+03
-5.536079490253541735e+03
-5.129066018865154547e+03
-5.412861376458688028e+03
-5.063308613173639969e+03
-5.604440268786926026e+03
-5.145890295267298825e+03
-4.969158042268837562e+03
-4.725183679127969299e+03
-4.873198416109484242e+03
-5.476823638910862428e+03
-5.081109630426719377e+03
-4.828807859569184075e+03
-5.126501899122160467e+03
-4.758344743887848381e+03
-4.716239746776112042e+03
-5.700798778672564367e+03
-5.136108739640645581e+03
-4.879638709651639147e+03
-4.907856212928258174e+03
-4.462325132384750759e+03
-4.899332796636218518e+03
-4.442251973426703444e+03
-5.161335523439677672e+03
-4.904288545441873794e+03
-4.454376787482595319e+03
-4.793074618273317355e+03
-5.027106686060496941e+03
-4.580858939040656878e+03
-4.560016495239650794e+03
-6.713974448315282643e+03
-6.149284409283361128e+03
-5.584594370251435066e+03
-5.334993326701393016e+03
-4.881418660879349773e+03
-5.037897548753181582e+03
-5.006021879465112761e+03
-4.670878550094110324e+03
-5.067431963191761497e+03
-5.196979691211841782e+03
-5.066384776416176464e+03
-5.133882030812290395e+03
-4.889577043092876920e+03
-5.334001923371182784e+03
-5.408538071702065281e+03
-5.297534715456034064e+03
-5.483500157505859534e+03
-5.124180501812899820e+03
-5.467659961254827067e+03
-5.308420679700485380e+03
-5.157346731505604112e+03
-5.058726850883862426e+03
-4.992711810027300089e+03
-6.081526997080457477e+03
-5.520463588766697285e+03
-5.485421047863490458e+03
-5.365055084788114073e+03
-5.056067023557486209e+03
-5.504389579501559638e+03
-5.022554829441955007e+03
-4.789561430467535502e+03
-5.208830292221207856e+03
-5.266256237997704375e+03
-4.787110908296711386e+03
-5.461286670408935606e+03
-5.171458224992909891e+03
-4.737928956349951477e+03
-5.893449036586200236e+03
-5.342692576737959826e+03
-5.088424535826332431e+03
-4.918520702545485619e+03
-5.103861030829748415e+03
-4.945553406583912874e+03
-4.698588325221140622e+03
-4.692946535862341079e+03
-5.189873467011963839e+03
-4.702306062326464598e+03
-5.101043758468109445e+03
-5.067933343313132355e+03
-4.711380584854744484e+03
-4.736038632159348708e+03
-4.887367330572160427e+03
-4.885618123965443374e+03
-5.199736168110073777e+03
-5.412311364546236291e+03
-5.468766505589849658e+03
-5.433038923936913307e+03
-4.974065436043830232e+03
-4.745225153360574041e+03
-4.612721019473556225e+03
-5.984199670757255262e+03
-5.420881508787567327e+03
-5.358077701748892650e+03
-4.793387662716966588e+03
-5.680122051015526267e+03
-5.115432011983608390e+03
-4.553312017232589824e+03
-4.539941415183936442e+03
-4.754817674424721190e+03
-4.795073053980058830e+03
-4.566410119136885442e+03
-5.620422338503058199e+03
-5.055732299471129409e+03
-4.709109043589199246e+03
-5.061361361934606975e+03
-4.794647062229587391e+03
-4.441851314572817500e+03
-5.912043075463833702e+03
-5.514007106614634722e+03
-5.261037460743329575e+03
-5.106305030750154401e+03
-4.783448655416870679e+03
-5.841997072595771897e+03
-5.277307033563846744e+03
-5.034317637696296515e+03
-5.081919616423381740e+03
-4.911912715499065598e+03
-5.357479909395725372e+03
-5.327812840224833053e+03
-4.824497378365434997e+03
-4.756257529105936555e+03
-4.738426614071435324e+03
-5.044475604593188109e+03
-4.805740386969209794e+03
-4.820518747092288322e+03
-4.563108869856449928e+03
-4.900647253922617892e+03
-4.344846444747485293e+03
-4.768939558751402728e+03
-4.786443170809744515e+03
-4.630702497208354544e+03
-5.515551098706127959e+03
-4.951560474797841380e+03
-5.267714466818415531e+03
-5.007863484723155125e+03
-4.832299526697420333e+03
-4.805806483052672775e+03
-4.942864147812631927e+03
-4.492242631541365881e+03
-4.604555200102451636e+03
-4.534395320344443462e+03
-5.028564720072667114e+03
-4.603107136190464189e+03
-4.353869488534768607e+03
-4.900975940448334768e+03
-4.562005689809804608e+03
-4.637521352457299145e+03
-4.650611444750520604e+03
-4.959686794063877642e+03
-4.615467102798630549e+03
-5.258055008885312418e+03
-5.016245353655231156e+03
-5.792252010032443650e+03
-5.227561971000523044e+03
-5.116884623444220779e+03
-4.858467967310436507e+03
-5.113025711731299452e+03
-5.266034776531128955e+03
-4.826174422543319452e+03
-4.795716851704390137e+03
-4.635969415782282340e+03
-5.780290008083395151e+03
-5.928421121225531351e+03
-5.551435688394573845e+03
-5.595610078844950294e+03
-5.403968815548502789e+03
-5.161311235899317580e+03
-4.620418369995106332e+03
-4.929462067807503445e+03
-4.645667892753306660e+03
-5.626000686696243065e+03
-5.088805159159326649e+03
-4.955201294046066323e+03
-4.679116391042733085e+03
-5.274164904378450046e+03
-4.709474865346523075e+03
-5.149643645938678674e+03
-4.915041986472891949e+03
-4.455141252250086836e+03
-4.587009555702530633e+03
-5.253785170058415133e+03
-4.689095131026490890e+03
-4.649925006378129183e+03
-4.775703689883396692e+03
-4.517194392403434904e+03
-4.851278478554255344e+03
-4.632562124395362844e+03
-4.448801435811355077e+03
-4.965762746748638165e+03
-5.499704675375684019e+03
-5.157905644667771412e+03
-5.011838356875605314e+03
-4.648852179972493104e+03
-4.798455421144993124e+03
-5.279070852778135304e+03
-5.964858774692605039e+03
-5.503566275558453526e+03
-5.153736734666190387e+03
-4.622661479340000369e+03
-4.541447917978017358e+03
-5.081081561949535171e+03
-4.798936432005411007e+03
-4.850307075760767475e+03
-4.512326503500327817e+03
-5.479540884601000471e+03
-5.127623573207552909e+03
-4.693180894303347486e+03
-5.070596382204314068e+03
-5.228825579535532597e+03
-5.113556471627243809e+03
-4.878661355023237775e+03
-5.393994241772736132e+03
-4.844145152827106358e+03
-5.061733289806041284e+03
-4.747524760873390733e+03
-4.500061026284574837e+03
-4.458349583523980982e+03
-5.160537531197654971e+03
-4.909070269051712785e+03
-4.794282636736422319e+03
-4.503923321945441785e+03
-4.598717129430726345e+03
-4.664161418185093680e+03
-5.763605620560579155e+03
-5.365728871486529897e+03
-4.870938133242585536e+03
-4.732700368918192908e+03
-4.708978619801719105e+03
-4.477105878334052250e+03
-5.039245279116614256e+03
-5.494867807581133093e+03
-4.971074719658764479e+03
-4.736959568990414482e+03
-4.886844882253762989e+03
-5.586892789512456147e+03
-5.023191496003090833e+03
-5.244371395749021758e+03
-4.791698062666127043e+03
-4.866747762096941187e+03
-4.724281219410351696e+03
-4.483553823128209842e+03
-4.429786832457379205e+03
-5.442559904580313741e+03
-4.877869865548386770e+03
-4.517340688176329422e+03
-4.975437836381123816e+03
-4.820234083841613938e+03
-4.474546227115151851e+03
-4.862352532984732534e+03
-5.113821526507918861e+03
-4.549131487475993708e+03
-4.644445475585460372e+03
-4.397998550976059960e+03
-4.870402116607392600e+03
-5.277975001219298974e+03
-4.889030706284748703e+03
-5.767236599236739494e+03
-5.247595087449830316e+03
-5.336745873533162012e+03
-5.866356087827543888e+03
-5.868742994495456514e+03
-5.415021744386505816e+03
-5.161495403385091777e+03
-6.067204135823072647e+03
-5.502862526012651870e+03
-5.322599762485526298e+03
-5.475754757071208587e+03
-5.249125466105910164e+03
-4.991212916571847018e+03
-4.756411813273232838e+03
-5.465988484395691557e+03
-5.092539066254768841e+03
-5.513993227367029249e+03
-5.128110117130561775e+03
-5.651085370928355587e+03
-5.086395331896427706e+03
-5.205653726828080835e+03
-4.867166569418825929e+03
-5.190374484049704733e+03
-5.668820911379948484e+03
-5.814162119424265256e+03
-5.404729872255986265e+03
-5.289691829955336289e+03
-5.227132591157072966e+03
-4.805897037932635612e+03
-5.275162519648098169e+03
-4.797468691714271699e+03
-5.186288693418980074e+03
-5.224068288277427200e+03
-4.747644594966825025e+03
-5.495721760434103999e+03
-4.935863130713389182e+03
-4.910480599033440740e+03
-5.055292634030023692e+03
-5.331568610588342381e+03
-5.123607742465785122e+03
-4.782048860574226637e+03
-4.938051636326516928e+03
-5.095324854539279841e+03
-4.843685315071933474e+03
-4.365675495461015089e+03
-6.535700023877614512e+03
-5.971009984845684812e+03
-5.406319945813761478e+03
-5.216578311580199625e+03
-4.985008472096455989e+03
-4.762038050434884099e+03
-4.891350635746375701e+03
-4.511031346089079307e+03
-4.188362428416125113e+03
-4.534481554560731638e+03
-4.255868306508788010e+03
-5.827420737026622191e+03
-5.262730697994694310e+03
-4.899129135036738262e+03
-4.553388960270825919e+03
-5.210107650456095143e+03
-5.224320826161603691e+03
-5.667170638963450074e+03
-5.102480599931525830e+03
-5.783279771717472613e+03
-5.301768023709420049e+03
-5.633838052180457453e+03
-5.381709239458390584e+03
-4.912415055040866719e+03
-5.540051065650794044e+03
-5.065226088025530771e+03
-4.830349244161610841e+03
-4.888914190517338284e+03
-5.265003491144666441e+03
-4.934054099430934002e+03
-4.883367594476172599e+03
-4.945893537363142968e+03
-6.063550916778371175e+03
-5.711589802776227771e+03
-5.359692807284947776e+03
-5.260651124231722861e+03
-4.939986530878801204e+03
-5.271264535713723490e+03
-6.008384760420217390e+03
-5.443694721388294056e+03
-5.196905685083092976e+03
-5.177731364985090295e+03
-5.231034293784618058e+03
-4.883262450382562747e+03
-4.640051012912903388e+03
-5.486496301982835575e+03
-5.091904661031983778e+03
-4.701429308123725605e+03
-4.343948716952583709e+03
-6.262083628177248102e+03
-5.697393589145323858e+03
-5.145117079501418630e+03
-4.934357020666982862e+03
-4.604482332885912001e+03
-5.566765407758707624e+03
-5.313763704031615816e+03
-4.821172767925417247e+03
-5.726954624837920164e+03
-5.162631958291758565e+03
-4.724027803960548226e+03
-4.846045806720676410e+03
-4.698509338239551653e+03
-5.322260695245009629e+03
-4.863840716116990734e+03
-4.893066510983146145e+03
-4.557102478827301638e+03
-4.963265380165131319e+03
-4.894565898512890271e+03
-4.948822869829802585e+03
-4.826455673509443841e+03
-4.266312308168004165e+03
-5.044222116063481735e+03
-4.479532077031562949e+03
-4.883119288404226609e+03
-5.772334568149519328e+03
-5.311293633904619128e+03
-5.302231546375574908e+03
-5.157518455037336025e+03
-4.705361919825296354e+03
-5.247294269118495322e+03
-5.062789759731698723e+03
-4.710743596383599652e+03
-4.493744187635547860e+03
-5.281617779429396251e+03
-4.946485880401776740e+03
-5.163770928590021867e+03
-5.180894332897601998e+03
-4.704030706934942828e+03
-6.394937350583806619e+03
-5.830247311551885105e+03
-5.356814640153925211e+03
-4.900728688174552190e+03
-5.169126081278248421e+03
-4.946771481043948370e+03
-5.371377702717415559e+03
-4.986948427722657470e+03
-4.946488898141515165e+03
-5.440445340686615054e+03
-5.492064985152590452e+03
-5.029325641946312317e+03
-4.576828962018572383e+03
-5.101870164557203680e+03
-4.697607270061761483e+03
-4.761276529597943409e+03
-4.523923392034897915e+03
-5.616393891642039307e+03
-5.051703852610116883e+03
-5.195220214193087486e+03
-4.852355063357455947e+03
-5.121858289336832968e+03
-4.971214617832517433e+03
-5.544705521364176093e+03
-5.468638357323338823e+03
-5.278134582842953023e+03
-5.033167952169802447e+03
-5.066579617445693657e+03
-5.017838376069354126e+03
-4.630012020017140458e+03
-4.847246607531116751e+03
-4.562163760817298680e+03
-4.591074764863469682e+03
-4.510026260469292538e+03
-4.472258191061908292e+03
-4.340943978119724306e+03
-6.700862451600612985e+03
-6.136172412568690561e+03
-5.591367678247932417e+03
-5.730193934568377699e+03
-5.166015376165519228e+03
-5.245329653881811282e+03
-5.055449461487292865e+03
-5.107415435811989482e+03
-5.251120624405204580e+03
-4.800162753460765089e+03
-5.563442057272028251e+03
-5.397701457621835289e+03
-5.038846953086738722e+03
-5.008650976932393860e+03
-4.745782596210501652e+03
-4.822137926223926115e+03
-5.120008527284498996e+03
-4.958650208176544766e+03
-6.177407851737357305e+03
-5.612717812705430333e+03
-5.453745049767452656e+03
-5.689639911331681105e+03
-5.167275509939464428e+03
-4.807929570202434661e+03
-4.920269828078930914e+03
-5.028557054372189668e+03
-5.095753185499427673e+03
-4.539450072978067510e+03
-4.901956993039149893e+03
-4.960533084790180510e+03
-4.501201738840294638e+03
-5.036592866294460691e+03
-5.030936863641096352e+03
-4.744000336529959895e+03
-4.697457478290061772e+03
-5.227618348101605989e+03
-4.662928309069686293e+03
-4.701762873113297246e+03
-4.359007910468119007e+03
-4.726315143435879691e+03
-5.311774620089525342e+03
-4.770635832062040208e+03
-4.815660745724920162e+03
-4.943577886465219308e+03
-4.468763446042827127e+03
-4.773727587778548695e+03
-4.520595243337753345e+03
-6.462659731623420157e+03
-5.897969692591487728e+03
-5.514343556518351761e+03
-5.273167872665679170e+03
-5.015124135711331292e+03
-5.070549419641135501e+03
-4.713777679810651534e+03
-4.846789022189892421e+03
-4.494256050237945601e+03
-4.909228553065910091e+03
-4.870929039287163505e+03
-4.588992027803587916e+03
-4.770339982153308483e+03
-5.087182839554332531e+03
-4.539613990659496267e+03
-5.702365061810596671e+03
-5.244278456697931688e+03
-5.794678249388648510e+03
-5.241252263250702526e+03
-5.407726195046651810e+03
-5.127697038432761474e+03
-5.320311412423940055e+03
-4.898322275089225514e+03
-4.503323727257997234e+03
-6.118502589181890471e+03
-5.643822383051041470e+03
-5.079132344019115408e+03
-4.717606837878734041e+03
-4.579781669564987169e+03
-4.974031966429079148e+03
-4.426766816588077745e+03
-4.272945784854978228e+03
-5.042819979281326596e+03
-4.487519611871991401e+03
-4.903916594183405323e+03
-5.046444069508948814e+03
-4.481940854049769769e+03
-4.845197807059009392e+03
-4.598265481964106584e+03
-5.771661905606088112e+03
-5.206971866574162050e+03
-5.437313469210450421e+03
-5.061146821942869792e+03
-4.883886028724405151e+03
-4.566171668293159200e+03
-4.807036260551818486e+03
-4.745160343227777958e+03
-4.456559150274737476e+03
-4.769406014313128253e+03
-4.221487791057290451e+03
-4.280520880224409666e+03
-4.609335944459535312e+03
-4.764475527131595300e+03
-5.144274594435751169e+03
-4.874649285803963721e+03
-4.746816428965322302e+03
-4.490811647271743823e+03
-4.768295607335665409e+03
-5.572758775683560998e+03
-5.217835659447817306e+03
-4.969596430538079403e+03
-4.833944940669025527e+03
-4.817339102442668263e+03
-5.272698149646269485e+03
-4.831072787438341038e+03
-5.476335879800931252e+03
-4.912192755984773612e+03
-5.242918963165215246e+03
-4.875314571786363558e+03
-4.615342380620955737e+03
-4.664046320774345077e+03
-4.628478282623974337e+03
-5.066103672964779435e+03
-5.333788573836799515e+03
-5.148923999951723090e+03
-5.304880704756678824e+03
-5.889465228112143450e+03
-5.338269592350559833e+03
-5.601169130014912298e+03
-5.447787229439178191e+03
-5.221915015043752646e+03
-5.104675840768915805e+03
-5.552557663461771881e+03
-5.412727965124714501e+03
-4.970340133947397590e+03
-5.177959969521725725e+03
-4.818348655464744297e+03
-4.775675678150266322e+03
-5.838481653189637655e+03
-5.273957050221542886e+03
-4.837903969474569749e+03
-5.013255496155613400e+03
-4.532394822921855848e+03
-5.136796345463038961e+03
-4.679924526588345543e+03
-4.466192858027476177e+03
-5.126515645981422495e+03
-4.870817569470333183e+03
-4.629735976618538189e+03
-5.211246557984226456e+03
-4.814240514474143311e+03
-5.076538493951467899e+03
-4.720024975785823699e+03
-5.851094159727759688e+03
-5.307862924120901880e+03
-4.875127702818615944e+03
-5.456246163431391324e+03
-5.278083140889844799e+03
-5.261029755902673060e+03
-5.422431858991687477e+03
-4.968575618383936671e+03
-5.805216834589942664e+03
-5.436529931239376310e+03
-5.181326696966811141e+03
-4.919553049696458402e+03
-4.627354415665105080e+03
-4.467941852292847216e+03
-5.765273382296660202e+03
-5.201640995403744455e+03
-5.286344663405339816e+03
-4.721654624373411025e+03
-4.665883166802626874e+03
-4.564757530611600487e+03
-4.299084845260072143e+03
-4.554386618252732660e+03
-4.391590891882167853e+03
-5.726753074639848819e+03
-5.164178543285112028e+03
-4.935437069428310679e+03
-5.212238445631492141e+03
-5.054534624545991392e+03
-5.082789414155655322e+03
-4.917902008559289243e+03
-4.752668531064668969e+03
-4.920450900203512901e+03
-4.664966643928283702e+03
-4.323063629779800067e+03
-5.621192088421414155e+03
-5.165942968315834150e+03
-5.209174170502845300e+03
-5.076025521001424750e+03
-5.706275896503037075e+03
-5.459201568783173570e+03
-5.014461839111315385e+03
-5.304943200126994270e+03
-4.825897662116991341e+03
-5.197216007656626971e+03
-5.313402183527031411e+03
-4.892548104126427461e+03
-4.957937943699625976e+03
-4.922393303196412489e+03
-4.682954509060063174e+03
-5.113252219112178864e+03
-5.180281022326815219e+03
-5.646380568901121478e+03
-5.304349562103246171e+03
-4.844691181216479890e+03
-4.854545341791977989e+03
-5.159155378655073036e+03
-5.194555154140404738e+03
-4.629865115108483224e+03
-6.162101177687514792e+03
-5.597411138655588729e+03
-5.042834662972498336e+03
-5.452024886640043405e+03
-5.499562023443788348e+03
-5.345547225048943801e+03
-4.980757271576718267e+03
-5.339890203132586066e+03
-4.896397323865294311e+03
-4.657347651156511347e+03
-4.992687923930632678e+03
-4.535147658037934889e+03
-5.023633981266949377e+03
-4.675535566771768572e+03
-5.254319718844719318e+03
-4.689802684982916617e+03
-4.764045869017434597e+03
-4.895524154318863111e+03
-5.149118446820464669e+03
-5.382503402325175557e+03
-5.171955468044100598e+03
-5.025655245527590523e+03
-6.249553345942362284e+03
-5.684863306910430765e+03
-5.223727676919775149e+03
-5.100205755713534018e+03
-4.817553529229759079e+03
-5.123765970508091414e+03
-4.702892617404844714e+03
-5.385874413258209643e+03
-5.178179639614260850e+03
-5.001870719441442816e+03
-4.673203851096141079e+03
-4.456898210418494273e+03
-4.368776489372736251e+03
-5.641832530510178913e+03
-5.170219519245396441e+03
-6.059301730725201196e+03
-5.494785238858090452e+03
-5.346486981332162031e+03
-5.426791401631689951e+03
-5.278631272992281083e+03
-4.868908297286744528e+03
-4.948133070130395936e+03
-5.271970672465946336e+03
-4.897923938143807391e+03
-5.395457449252805418e+03
-5.469875273957033642e+03
-5.482289113410401114e+03
-5.238767507088995444e+03
-5.065342519613366676e+03
-5.132892114416782533e+03
-6.395671463459886581e+03
-5.901252765935571006e+03
-5.435665257246066176e+03
-5.234264175296086250e+03
-5.108045638647527994e+03
-4.716221931154847880e+03
-5.306550066738289388e+03
-4.751682624803504041e+03
-5.621749783079603731e+03
-5.235619906170630202e+03
-4.985086596508917864e+03
-4.672423276598929988e+03
-4.567773446972581951e+03
-5.435784445521328053e+03
-4.871094406489400171e+03
-5.192289467829137720e+03
-4.951068028502094421e+03
-4.665701433005082436e+03
-5.034345153263271641e+03
-5.466062860485850251e+03
-4.938115907485556818e+03
-5.471968925292897438e+03
-5.114192765574807709e+03
-5.252436362990866655e+03
-4.932747334670290002e+03
-5.060627214562746303e+03
-5.011387775637790583e+03
-5.257114614389041890e+03
-4.990466530469528152e+03
-4.800488768761482788e+03
-5.748803096433861356e+03
-5.292813198104220646e+03
-5.225801563847744546e+03
-4.672474835182964853e+03
-4.611566858811343991e+03
-4.834223486482892440e+03
-4.494886278048572422e+03
-6.141174865740682435e+03
-5.576484826708756373e+03
-5.116271463384442541e+03
-5.082059969270732836e+03
-5.024839760716830824e+03
-5.147853665853624989e+03
-5.168961712349004301e+03
-4.802228040159367993e+03
-5.161881130991319878e+03
-4.887855008348886258e+03
-5.188660512789014319e+03
-4.797561442353035090e+03
-5.412886310036174109e+03
-5.024899025587526012e+03
-4.655313840619110124e+03
-4.293115033522592057e+03
-6.120707482556505056e+03
-5.556017443524582632e+03
-5.097885868880492126e+03
-5.035474841398961871e+03
-5.086768086367541400e+03
-4.702312406126246060e+03
-4.253028501315958238e+03
-6.196339301547849573e+03
-5.631649262515935334e+03
-5.379454351999725077e+03
-5.325246376412054815e+03
-4.760737224593825886e+03
-5.779039279097998588e+03
-5.214349240066074344e+03
-5.292811753150643199e+03
-4.882973962464572651e+03
-4.914933811058684114e+03
-4.359078752914417237e+03
-4.683323719751831959e+03
-4.511267305956747805e+03
-4.820942897165969043e+03
-4.259153579303369952e+03
-5.682436870932468992e+03
-5.533531267167160877e+03
-5.058527524428121069e+03
-4.764555427699347092e+03
-4.830296833889049594e+03
-5.584438267289038777e+03
-5.127988087552763318e+03
-4.765955848246807363e+03
-4.527270756417101438e+03
-4.807349600083303812e+03
-4.924637834750518778e+03
-4.591588476781031204e+03
-4.245164324411439338e+03
-4.624419060480501685e+03
-4.525452054651418621e+03
-4.692037111256282515e+03
-5.293506203581426234e+03
-4.728816164549501991e+03
-5.043112244467733035e+03
-4.806637419222611243e+03
-4.551458909926044726e+03
-4.984000249948650890e+03
-4.583223275632503828e+03
-4.131912511926028856e+03
-5.022703616941098517e+03
-5.408322162770780778e+03
-4.846181828394152035e+03
-4.823257750868635412e+03
-4.482361134017382028e+03
-5.399371353104766968e+03
-5.009990999792488765e+03
-4.580637514851721789e+03
-4.303091937718945701e+03
-5.737674932672007344e+03
-5.268670271509909981e+03
-5.399315543447685741e+03
-4.858727231876711812e+03
-5.504929446838519652e+03
-4.940736468969993439e+03
-4.816177381002460606e+03
-4.860861684930312549e+03
-4.540764581039998120e+03
-5.516843011320540427e+03
-5.074949836484061052e+03
-5.123489296898952489e+03
-5.208307802926898148e+03
-4.919242204327894797e+03
-4.650456044554541222e+03
-4.383346346511091724e+03
-5.670103056663390817e+03
-5.105413017631472940e+03
-5.148260592194259516e+03
-4.774654395907787148e+03
-4.733486897690747355e+03
-5.111076148269239638e+03
-4.942671914903596189e+03
-4.634427716873606187e+03
-4.401207206367136678e+03
-4.572042305535791456e+03
-4.852530985706984211e+03
-4.722231019923321583e+03
-4.495939037509800983e+03
-4.691463212820411172e+03
-5.051572753234295305e+03
-4.576569010495251860e+03
-4.642898353011567451e+03
-4.785116624540042721e+03
-4.609819043495175720e+03
-5.424523557303809866e+03
-5.042007635979413863e+03
-5.607695017351090428e+03
-5.043185865532861499e+03
-4.905771928891188509e+03
-5.699135901833260505e+03
-5.807864514597768903e+03
-5.385343452386640820e+03
-5.042130369311975301e+03
-5.030035372486784581e+03
-4.672996442798420503e+03
-5.204593673464118183e+03
-5.105297628723030357e+03
-4.540607589691107933e+03
-4.610952976980178391e+03
-4.957184643687028256e+03
-4.694717385558740716e+03
-6.165549372759471225e+03
-5.600859333727542435e+03
-5.065830322634434197e+03
-6.006515885052021986e+03
-5.747902798467587672e+03
-5.481216736819094876e+03
-5.109585336233885755e+03
-4.737138112018119500e+03
-4.979468009020349200e+03
-5.395131995035173532e+03
-4.843291721245721419e+03
-4.792561163822365415e+03
-4.544315999495191136e+03
-5.351564379252161416e+03
-5.015539984929134334e+03
-5.021797215705621966e+03
-5.215470503106952492e+03
-4.906827005007034131e+03
-5.591756494796471088e+03
-5.118180989351037169e+03
-4.768177777033104576e+03
-5.203309467437910826e+03
-4.746965096530137998e+03
-5.261642408163905202e+03
-4.798396027229197898e+03
-4.975784656979332794e+03
-4.523182790010809185e+03
-5.403319256289063560e+03
-5.026015217462949295e+03
-4.993011617427257079e+03
-4.911203919821564341e+03
-4.381723507425395837e+03
-5.674598153155709952e+03
-5.109908114123785708e+03
-4.862904006190488872e+03
-4.699883596968693382e+03
-4.970040270408447213e+03
-4.628752052046406789e+03
-5.503474105251929359e+03
-5.363312256293977953e+03
-4.910542816592795134e+03
-4.776773707203201411e+03
-4.704576837043177875e+03
-4.855614855162306412e+03
-4.603287823419972483e+03
-5.213064941707906655e+03
-4.872686865139385191e+03
-6.011715845747032290e+03
-5.447025806715100771e+03
-5.192111652023563693e+03
-5.126027227613858486e+03
-4.769449847167290500e+03
-5.095919110324667599e+03
-4.979720654747533445e+03
-5.150248697489716506e+03
-5.479893102208380697e+03
-5.025275757707437151e+03
-5.206125461795603769e+03
-9.012287444282650540e+03
-8.447597405250733573e+03
-7.882907366218803872e+03
-7.318217327186889634e+03
-6.753527288154959024e+03
-6.468310016204115527e+03
-6.008051545366934988e+03
-5.623937027199443037e+03
-5.591208094126233846e+03
-5.149605205186939202e+03
-6.385126876367108707e+03
-6.204390187069931926e+03
-5.816108796646321935e+03
-5.389621649005934160e+03
-5.520666943375590563e+03
-5.323169089529385019e+03
-4.959692174767188590e+03
-5.708099824314531361e+03
-5.625248327149039142e+03
-5.621932432003392023e+03
-5.058164608446266357e+03
-4.823927613106510762e+03
-5.471859716611820659e+03
-5.358190871292722477e+03
-5.259776542982666797e+03
-5.147919146926584290e+03
-5.492995111822796389e+03
-5.371699627791010244e+03
-4.807009588759081453e+03
-5.271324942719824321e+03
-5.382955846815431869e+03
-5.344428827200172236e+03
-5.277892731199941409e+03
-5.321829196248291737e+03
-5.370595535326323443e+03
-5.410552403240833883e+03
-5.276739079179254986e+03
-5.813476617656987401e+03
-5.248786578625072252e+03
-4.907776698677838795e+03
-4.883754718740052340e+03
-4.851419897796024088e+03
-4.854159161301749009e+03
-4.831400304361966846e+03
-5.156403188445896376e+03
-5.639362959422552194e+03
-5.671650674469583464e+03
-5.106960635437654673e+03
-5.290103463841649500e+03
-4.823132637782915481e+03
-4.470106101836143353e+03
-5.303938773035783015e+03
-5.504246776895114635e+03
-5.110621117939605028e+03
-4.682642291746734372e+03
-5.412912291730097422e+03
-5.156226741335986844e+03
-5.232673367053293987e+03
-4.886688722790204338e+03
-4.607426271494734465e+03
-5.211170061786086990e+03
-4.995962041240067265e+03
-4.503652971382982287e+03
-5.381774321222984327e+03
-5.735697072763734468e+03
-5.253497467224413413e+03
-5.424705689138071648e+03
-5.052006511326655527e+03
-5.246448620707406917e+03
-4.980197326977381636e+03
-5.062040276355176502e+03
-4.921961368333239989e+03
-4.682791186323814145e+03
-5.899661820366018219e+03
-5.334971781334092157e+03
-5.171946526396615809e+03
-4.840239806958223198e+03
-4.975265665264871132e+03
-4.819210663903593741e+03
-4.573224457105362490e+03
-5.686970461222139420e+03
-5.155188017826088071e+03
-5.114155473076990347e+03
-5.159116180741979406e+03
-5.152922805749392865e+03
-4.588418144425311766e+03
-4.712672924586920089e+03
-4.761966505652550950e+03
-4.602186438324087248e+03
-5.944268535088001954e+03
-5.379578496056068616e+03
-5.374471123971154157e+03
-5.306884889259788906e+03
-5.303361762548540355e+03
-5.161764432238895097e+03
-5.318753237852472012e+03
-4.995591679554282564e+03
-5.002316133935065409e+03
-5.626048368922649388e+03
-5.151593451265032854e+03
-5.013818571702764530e+03
-5.454637686097489677e+03
-5.214871115389094484e+03
-5.071023601148162015e+03
-6.060403766581439413e+03
-5.495713727549518808e+03
-5.132307450942218566e+03
-5.414033331372642351e+03
-5.546678435890087712e+03
-4.981988396858159831e+03
-4.833551871244072572e+03
-5.355633031728124479e+03
-5.245217175464214961e+03
-4.980203314178080291e+03
-4.841370458630930443e+03
-5.245199897589080138e+03
-4.681370029376730599e+03
-5.411122619178571767e+03
-4.969416003334132256e+03
-5.047936987778141884e+03
-5.467273285985565963e+03
-5.547906245827115526e+03
-5.797931682259650188e+03
-5.539895930292886078e+03
-5.521365174196614134e+03
-5.182882654442569219e+03
-5.229963955150980837e+03
-5.336824230342229384e+03
-5.491979627756179070e+03
-5.031836645512557880e+03
-5.295960620944322727e+03
-5.028596257924012207e+03
-4.950907451015985316e+03
-4.984459465215453747e+03
-4.763167128620042604e+03
-5.092597603943357171e+03
-5.299277301107199492e+03
-5.016874279621233654e+03
-4.636011676138468829e+03
-4.481830282872188945e+03
-4.511493793705323696e+03
-6.405259517941438389e+03
-5.840569478909515965e+03
-5.400539283627915211e+03
-5.621122874006091479e+03
-5.406570451516668072e+03
-5.356921049617816607e+03
-5.171855016360688751e+03
-5.231257967004385137e+03
-4.890010572577431958e+03
-4.670164371154332912e+03
-5.053409021369837319e+03
-5.476484831717491943e+03
-5.220019144931038682e+03
-4.802541004944461747e+03
-4.406683982822816688e+03
-5.291606396742641664e+03
-4.824530923910714591e+03
-5.060307166851986949e+03
-5.054136397487567592e+03
-4.597986324445599166e+03
-5.134896330990894057e+03
-4.869178369989070234e+03
-5.222172894443121550e+03
-5.172082438867094424e+03
-5.122912258816211761e+03
-5.002502401329495115e+03
-4.656156840573159570e+03
-5.413081381645335568e+03
-4.960072993204776139e+03
-4.893714294599642017e+03
-4.670285052123646892e+03
-4.657916861121046168e+03
-5.398632902051458586e+03
-5.487828298485002051e+03
-5.316508173519245247e+03
-4.923118717473158540e+03
-5.137100390482484727e+03
-4.789835853202343969e+03
-5.585927259495130784e+03
-5.342059175455656259e+03
-5.025649472125900502e+03
-5.047780509142948176e+03
-5.116128403345614970e+03
-5.195917709921568530e+03
-6.609839478245468854e+03
-6.045149439213542792e+03
-5.507436394500426104e+03
-5.060711435595203511e+03
-4.882437326448271961e+03
-5.093516003731892852e+03
-5.038844310714090170e+03
-4.633051452777599479e+03
-4.967651239880344292e+03
-4.904590955910503908e+03
-4.798364896373557713e+03
-4.542909808456003702e+03
-5.460580392785315780e+03
-5.312963031829045576e+03
-4.769727853361625421e+03
-5.818069453654103199e+03
-5.542920794704503351e+03
-5.278136502127220410e+03
-5.487154724977321166e+03
-5.560812900278829147e+03
-5.108256064893970688e+03
-4.779497094353143439e+03
-5.267986246789807410e+03
-4.771339578638281637e+03
-8.573686527338148153e+03
-8.008996488306220272e+03
-7.444306449274291481e+03
-6.879616410242364509e+03
-6.314926371210442994e+03
-5.854379121419696276e+03
-5.637410005738133805e+03
-5.929083717706702373e+03
-5.571280309904419482e+03
-5.329493599792351233e+03
-5.419141270946929581e+03
-6.150028225851796378e+03
-5.792443854309839480e+03
-5.595666641629894002e+03
-5.540449578732640475e+03
-5.080428152773185502e+03
-5.206011702349742336e+03
-5.023052701994425661e+03
-5.076187123994304784e+03
-5.340336093391021677e+03
-5.728125481500155729e+03
-5.274424053600197112e+03
-5.198351010648390002e+03
-5.048253222811852538e+03
-4.899126854601341620e+03
-5.166556449697650351e+03
-4.835403882966862511e+03
-5.002791264746358138e+03
-6.595449158608604193e+03
-6.030759119576679950e+03
-5.620474063065116752e+03
-5.195670395317612929e+03
-5.117198020821881983e+03
-4.765695510920151719e+03
-4.499815428247621639e+03
-4.950388348172215046e+03
-5.079194994966774175e+03
-5.754681357473820754e+03
-5.297169213929557372e+03
-4.897409484521989725e+03
-4.548264294307871751e+03
-5.145830454833187105e+03
-5.012362140355926385e+03
-5.118634669684748587e+03
-4.977333896713567810e+03
-4.691938089908411712e+03
-4.985528123229422818e+03
-5.168135887912580074e+03
-4.854699240816557904e+03
-5.106561019178874631e+03
-4.650241697896994992e+03
-5.096953779493971524e+03
-4.846692395946374745e+03
-5.114119646664355969e+03
-5.071310203514186469e+03
-5.401477280890707334e+03
-5.004038686306521413e+03
-5.256392631345088375e+03
-5.109276731756310255e+03
-5.452658938602529815e+03
-5.231715805761099546e+03
-4.888086927582736280e+03
-4.716617378182484572e+03
-4.977843730479553415e+03
-4.595325196554602371e+03
-5.506752802208704452e+03
-5.854493299808831580e+03
-5.289803260776900970e+03
-4.824804341502323041e+03
-5.037416150530421874e+03
-4.689191798686436414e+03
-4.507833946792296047e+03
-4.455407580871122263e+03
-5.436840418165614210e+03
-4.872150379133693605e+03
-5.025504893657984212e+03
-4.572107609262999176e+03
-5.751981608586914263e+03
-5.187462063098009821e+03
-5.132684213195600023e+03
-5.234769707635296072e+03
-4.671149929286160841e+03
-4.757369598954889625e+03
-4.550792720147863292e+03
-5.241607498013148870e+03
-4.772557848618890603e+03
-5.736469343004250732e+03
-5.279300656419462030e+03
-4.929171314170656842e+03
-5.012457401198340449e+03
-4.808822451296995496e+03
-5.738435363880256773e+03
-5.173745324848330711e+03
-4.880477116322388611e+03
-4.709539943409505213e+03
-4.268336405832078526e+03
-5.979427619450013481e+03
-5.414737580418099242e+03
-5.440327164559978883e+03
-5.810369792105546367e+03
-5.354372186784848964e+03
-5.401153762199267476e+03
-5.284781664663826632e+03
-5.129724010139465463e+03
-4.995282583087091552e+03
-5.409775571929711077e+03
-4.966966328211430664e+03
-4.814318729396133676e+03
-5.311048454585460604e+03
-4.873471648808707869e+03
-4.812502486038969437e+03
-4.647241784524338073e+03
-5.263975559379779952e+03
-4.892204851134338242e+03
-5.357843054457085600e+03
-4.965217731649867346e+03
-4.722805535258151394e+03
-5.413896613645118123e+03
-5.150141141430454809e+03
-5.219235933642834425e+03
-5.267465660737960206e+03
-5.165746407975886541e+03
-5.029537865459722525e+03
-5.106647840514558084e+03
-4.851268625855756909e+03
-5.180706304046922014e+03
-5.289359528432642946e+03
-5.057911815647310505e+03
-5.447463507511825810e+03
-5.977090726221572368e+03
-5.413309079943038341e+03
-5.223513165559555091e+03
-5.532999914422493021e+03
-5.082435549612857358e+03
-5.201252437795191327e+03
-4.943696459462555140e+03
-4.593150788515163185e+03
-5.873341521560739238e+03
-5.308651482528819542e+03
-4.914301221440089648e+03
-4.869021797329833134e+03
-4.634150462396550211e+03
-4.895076845238103488e+03
-4.593240115969288127e+03
-5.613780599723684645e+03
-5.248396261048552333e+03
-6.158342877887953364e+03
-5.593652838856032758e+03
-5.263871621860470441e+03
-5.316100365641099415e+03
-5.238244356541885281e+03
-4.894470895279169781e+03
-5.262578117989403836e+03
-5.088401102149638973e+03
-5.017913412378708017e+03
-4.681875969235523371e+03
-4.640821761236557904e+03
-8.067426455767452353e+03
-7.502736416735523562e+03
-6.938046377703603866e+03
-6.373356338671679623e+03
-5.808666299639749013e+03
-5.477019540675888493e+03
-6.309535538370559152e+03
-5.744845499338636728e+03
-5.464726172396965922e+03
-5.771650834823454716e+03
-5.314164907864428642e+03
-5.069038053531770856e+03
-5.230246684250763792e+03
-5.045965000901016538e+03
-5.385505852618300196e+03
-5.042587295855408229e+03
-4.956583840215218515e+03
-5.328963013583799693e+03
-5.310557267031033916e+03
-5.054824226950971934e+03
-4.930061610495805326e+03
-5.059059237819585178e+03
-4.783658273819234637e+03
-4.444622673615036547e+03
-4.998792209578832626e+03
-4.729342943373299931e+03
-4.856288513392843925e+03
-5.033494288213280925e+03
-4.676332098826344009e+03
-4.702382694924838688e+03
-4.602301147919088180e+03
-5.900492791598735494e+03
-5.335802752566816707e+03
-4.879033872731449264e+03
-5.216744787593579531e+03
-5.091084079384692814e+03
-5.295025191628175889e+03
-4.846527464233665341e+03
-5.173085758065387381e+03
-4.698461818078473698e+03
-5.919621739707274173e+03
-5.402136184063210749e+03
-5.264698007602738471e+03
-5.126806039648623482e+03
-4.774739136303922351e+03
-5.249741634992288709e+03
-4.987870108089911810e+03
-5.727030887832539520e+03
-5.162340848800611639e+03
-4.897373021385087668e+03
-4.763619948167415714e+03
-5.381169882981511364e+03
-4.819952858162796474e+03
-5.218459810394512715e+03
-4.664136255674919084e+03
-4.734046945087636232e+03
-4.676133734949840800e+03
-5.043057767768445956e+03
-4.903562701047849259e+03
-5.066924914476239792e+03
-4.917344799471750775e+03
-5.084429458304697619e+03
-4.739877524220974010e+03
-4.913251849534975918e+03
-5.293480840052267922e+03
-4.819379274229404473e+03
-5.934010521128178880e+03
-5.423097795331746966e+03
-4.864448053522357441e+03
-4.792115787084372641e+03
-4.791760127867220945e+03
-5.489707771274490369e+03
-5.133633071079086221e+03
-4.896458083354275914e+03
-5.294351608790249884e+03
-5.036788691540570653e+03
-4.790536888409072162e+03
-4.953343017109613356e+03
-4.500163420207574745e+03
-4.968203236446536721e+03
-4.930419467499999882e+03
-4.858144359391949365e+03
-5.532159970892877027e+03
-5.282837984574176517e+03
-5.023472982678886183e+03
-5.059725391746276728e+03
-5.369258902714585929e+03
-5.006621332075622377e+03
-4.763648147252346462e+03
-5.091850275284561576e+03
-4.941358442249579639e+03
-5.155032464993877511e+03
-5.594357970211542124e+03
-5.138138199508329308e+03
-4.681315981082892904e+03
-4.955671619848182672e+03
-4.734003511325195177e+03
-5.886731137970263262e+03
-5.346435771530004786e+03
-5.592814519314229983e+03
-5.318904633383877808e+03
-5.123986252937701465e+03
-5.201384124524060098e+03
-4.741465227660775781e+03
-5.078875596376281464e+03
-4.920427603052953600e+03
-4.682309873541601519e+03
-4.404858500480273506e+03
-5.626391175102093257e+03
-5.062423013215735409e+03
-4.878262411026638802e+03
-5.174677837799998088e+03
-5.235715949657209421e+03
-4.886495687883552819e+03
-5.563811311990115428e+03
-5.077510832943577952e+03
-5.114196472060118140e+03
-4.987146624736992635e+03
-5.408139116453859060e+03
